ts_code,date,open,high,low,close,pre_close,change,pct_chg,volume,amount
,2024-01-02,8.64,8.69,8.55,8.56,8.65,-0.0899999999999998,-1.04,133578.0,115269.136
,2024-01-03,8.52,8.93,8.43,8.87,8.56,0.3099999999999987,3.62,501555.62,438035.145
,2024-01-04,9.1,9.15,8.88,8.89,8.87,0.0200000000000013,0.23,607004.81,547540.22
,2024-01-05,8.91,8.98,8.48,8.53,8.89,-0.3600000000000012,-4.05,382487.0,332922.458
,2024-01-08,8.39,8.48,8.23,8.24,8.53,-0.2899999999999991,-3.4,240809.0,201001.365
,2024-01-09,8.3,8.4,8.13,8.24,8.24,0.0,0.0,185699.2,153737.25
,2024-01-10,8.19,8.31,8.04,8.06,8.24,-0.1799999999999997,-2.18,146911.0,119661.792
,2024-01-11,8.03,8.35,8.03,8.35,8.06,0.2899999999999991,3.6,174083.8,143362.737
,2024-01-12,8.35,8.73,8.31,8.33,8.35,-0.0199999999999995,-0.24,240175.6,203956.466
,2024-01-15,8.25,8.44,8.19,8.26,8.33,-0.0700000000000002,-0.84,148964.0,123754.182
,2024-01-16,8.26,8.29,7.94,8.03,8.26,-0.2300000000000004,-2.78,198869.02,160071.592
,2024-01-17,8.01,8.02,7.79,7.8,8.03,-0.2299999999999995,-2.86,119504.0,94699.032
,2024-01-18,7.72,7.84,7.51,7.76,7.8,-0.04,-0.51,156408.2,119916.376
,2024-01-19,7.73,7.81,7.55,7.57,7.76,-0.1899999999999995,-2.45,104122.0,79873.21
,2024-01-22,7.6,7.6,7.05,7.1,7.57,-0.4700000000000006,-6.21,187142.29,137433.741
,2024-01-23,7.29,7.52,7.15,7.25,7.1,0.1500000000000003,2.11,209496.2,152543.797
,2024-01-24,7.27,7.43,7.11,7.4,7.25,0.1500000000000003,2.07,192456.4,140584.383
,2024-01-25,7.4,7.66,7.28,7.66,7.4,0.2599999999999998,3.51,189380.0,142644.955
,2024-01-26,7.67,7.81,7.59,7.67,7.66,0.0099999999999997,0.13,141288.0,109215.01
,2024-01-29,7.72,7.77,7.39,7.42,7.67,-0.25,-3.26,134519.0,101338.431
,2024-01-30,7.37,7.51,7.17,7.2,7.42,-0.2199999999999997,-2.96,125075.0,91795.744
,2024-01-31,7.19,7.37,6.84,6.84,7.2,-0.3600000000000003,-5.0,203540.0,143095.505
,2024-02-01,6.83,6.84,6.56,6.66,6.84,-0.1799999999999997,-2.63,162584.8,109102.946
,2024-02-02,6.65,6.83,6.02,6.33,6.66,-0.33,-4.95,216046.4,138708.129
,2024-02-05,6.27,6.32,5.7,5.7,6.33,-0.6299999999999999,-9.95,232853.0,135176.174
,2024-02-06,5.48,5.93,5.22,5.68,5.7,-0.0200000000000004,-0.35,267083.81,148313.227
,2024-02-07,5.78,5.86,5.3,5.39,5.68,-0.29,-5.11,305482.64,170437.271
,2024-02-08,5.48,5.93,5.34,5.93,5.39,0.54,10.02,301779.05,170813.107
,2024-02-19,6.09,6.51,6.05,6.38,5.93,0.4500000000000002,7.59,378846.2,240355.999
,2024-02-20,6.32,6.47,6.19,6.43,6.38,0.0499999999999998,0.78,246069.59,156433.988
,2024-02-21,6.39,6.73,6.33,6.52,6.43,0.0899999999999998,1.4,245231.0,161235.628
,2024-02-22,6.59,6.99,6.59,6.85,6.52,0.33,5.06,268980.54,183003.372
,2024-02-23,6.85,7.1,6.84,7.08,6.85,0.2300000000000004,3.36,237578.84,165976.584
,2024-02-26,7.11,7.27,6.98,7.12,7.08,0.04,0.56,224588.57,160249.388
,2024-02-27,7.05,7.47,7.02,7.47,7.12,0.3499999999999996,4.92,231452.84,169133.911
,2024-02-28,7.43,7.64,6.82,6.82,7.47,-0.6499999999999995,-8.7,317038.41,230197.266
,2024-02-29,6.78,7.14,6.77,7.14,6.82,0.3199999999999994,4.69,230975.2,162075.533
,2024-03-01,7.14,7.3,7.1,7.28,7.14,0.1400000000000005,1.96,182895.0,131909.015
,2024-03-04,7.33,7.38,7.13,7.27,7.28,-0.0100000000000006,-0.14,181543.6,131720.456
,2024-03-05,7.19,7.6,7.08,7.23,7.27,-0.0399999999999991,-0.55,322266.0,236316.773
,2024-03-06,7.19,7.35,7.11,7.29,7.23,0.0599999999999996,0.83,198299.2,143804.135
,2024-03-07,7.36,7.52,7.22,7.23,7.29,-0.0599999999999996,-0.82,279697.8,206760.55
,2024-03-08,7.24,7.39,7.15,7.39,7.23,0.1599999999999992,2.21,179918.8,131241.932
,2024-03-11,7.37,7.93,7.34,7.65,7.39,0.2600000000000007,3.52,373497.9,284866.375
,2024-03-12,7.65,7.66,7.44,7.57,7.65,-0.08,-1.05,262691.8,198482.609
,2024-03-13,7.57,7.62,7.47,7.57,7.57,0.0,0.0,191130.4,144525.988
,2024-03-14,7.54,7.61,7.34,7.47,7.57,-0.1000000000000005,-1.32,169546.0,127072.022
,2024-03-15,7.5,7.6,7.43,7.6,7.47,0.1299999999999999,1.74,186799.5,140841.079
,2024-03-18,7.61,7.73,7.56,7.72,7.6,0.1200000000000001,1.58,198552.41,152266.412
,2024-03-19,7.71,7.86,7.66,7.71,7.72,-0.0099999999999997,-0.13,160801.18,124956.664
,2024-03-20,7.71,7.86,7.67,7.84,7.71,0.1299999999999999,1.69,152172.6,118627.507
,2024-03-21,7.84,7.95,7.76,7.86,7.84,0.0200000000000004,0.26,175002.78,137665.593
,2024-03-22,7.83,7.86,7.6,7.69,7.86,-0.1699999999999999,-2.16,197084.01,152079.491
,2024-03-25,7.69,7.79,7.39,7.41,7.69,-0.2800000000000002,-3.64,171073.98,129976.206
,2024-03-26,7.37,7.46,7.19,7.31,7.41,-0.1000000000000005,-1.35,155863.16,114078.561
,2024-03-27,7.29,7.32,6.92,6.93,7.31,-0.3799999999999999,-5.2,166616.0,118198.512
,2024-03-28,6.98,7.28,6.9,7.21,6.93,0.2800000000000002,4.04,165877.67,118948.482
,2024-03-29,7.21,7.36,7.14,7.36,7.21,0.1500000000000003,2.08,134658.09,97925.008
,2024-04-01,7.38,7.65,7.38,7.63,7.36,0.2699999999999996,3.67,139740.8,105229.587
,2024-04-02,7.62,7.66,7.45,7.51,7.63,-0.1200000000000001,-1.57,127785.72,96373.328
,2024-04-03,7.5,7.5,7.2,7.29,7.51,-0.2199999999999997,-2.93,118226.4,86634.183
,2024-04-08,7.27,7.27,7.04,7.04,7.29,-0.25,-3.43,112374.8,80211.919
,2024-04-09,7.05,7.13,6.97,7.12,7.04,0.08,1.14,92836.82,65685.107
,2024-04-10,7.1,7.14,6.76,6.82,7.12,-0.2999999999999998,-4.21,135470.0,93383.694
,2024-04-11,6.81,7.0,6.75,6.87,6.82,0.0499999999999998,0.73,95761.0,66072.677
,2024-04-12,6.91,6.99,6.77,6.79,6.87,-0.08,-1.16,99440.0,68372.765
,2024-04-15,6.8,6.85,6.25,6.34,6.79,-0.4500000000000002,-6.63,217970.91,140566.298
,2024-04-16,6.16,6.33,5.73,5.76,6.34,-0.5800000000000001,-9.15,218036.29,129577.937
,2024-04-17,5.85,6.34,5.85,6.33,5.76,0.5700000000000003,9.9,191839.48,118778.32
,2024-04-18,6.32,6.43,6.13,6.29,6.33,-0.04,-0.63,147391.6,92872.449
,2024-04-19,6.28,6.43,6.2,6.32,6.29,0.0300000000000002,0.48,132563.6,83612.258
,2024-04-22,6.44,6.71,6.32,6.36,6.32,0.04,0.63,226111.02,146443.351
,2024-04-23,6.35,6.41,6.23,6.3,6.36,-0.0600000000000005,-0.94,144524.2,91380.869
,2024-04-24,6.3,6.47,6.28,6.47,6.3,0.1699999999999999,2.7,135390.56,86683.26
,2024-04-25,6.46,6.53,6.41,6.48,6.47,0.0100000000000006,0.15,100713.0,65343.859
,2024-04-26,6.51,6.69,6.46,6.61,6.48,0.1299999999999999,2.01,137506.25,90829.55
,2024-04-29,6.75,7.11,6.71,7.1,6.61,0.4899999999999993,7.41,230135.6,160970.982
,2024-04-30,6.86,6.99,6.52,6.62,7.1,-0.4799999999999995,-6.76,354760.4,236834.34
,2024-05-06,6.75,6.96,6.64,6.7,6.62,0.08,1.21,266831.0,180833.266
,2024-05-07,6.66,6.73,6.59,6.64,6.7,-0.0600000000000005,-0.9,171330.2,114059.001
,2024-05-08,6.61,6.61,6.41,6.42,6.64,-0.2199999999999997,-3.31,142697.52,92627.446
,2024-05-09,6.48,6.58,6.44,6.5,6.42,0.08,1.25,108396.8,70941.072
,2024-05-10,6.51,6.85,6.51,6.62,6.5,0.1200000000000001,1.85,244736.59,163883.615
,2024-05-13,6.58,7.28,6.43,6.94,6.62,0.3200000000000003,4.83,633978.4,446060.515
,2024-05-14,6.92,7.13,6.88,6.92,6.94,-0.0200000000000004,-0.29,406127.6,284020.471
,2024-05-15,6.95,7.0,6.75,6.77,6.92,-0.1500000000000003,-2.17,258713.87,177386.952
,2024-05-16,6.75,6.84,6.67,6.77,6.77,0.0,0.0,192172.76,130002.727
,2024-05-17,6.78,7.15,6.73,7.09,6.77,0.3200000000000003,4.73,341612.59,238096.524
,2024-05-20,7.29,7.41,7.12,7.18,7.09,0.0899999999999998,1.27,410521.41,298193.753
,2024-05-21,7.17,7.25,6.97,7.08,7.18,-0.0999999999999996,-1.39,266673.06,189340.54
,2024-05-22,7.09,7.21,6.94,7.16,7.08,0.08,1.13,261478.0,185482.238
,2024-05-23,7.09,7.14,6.87,6.9,7.16,-0.2599999999999998,-3.63,204008.8,142399.893
,2024-05-24,6.9,6.94,6.67,6.69,6.9,-0.2099999999999999,-3.04,158202.4,107564.863
,2024-05-27,6.77,6.84,6.56,6.77,6.69,0.0799999999999991,1.2,135207.75,90648.164
,2024-05-28,6.8,6.87,6.66,6.76,6.77,-0.0099999999999997,-0.15,112763.56,76410.8
,2024-05-29,6.78,6.81,6.61,6.62,6.76,-0.1399999999999996,-2.07,109868.6,73719.395
,2024-05-30,6.62,6.89,6.49,6.7,6.62,0.08,1.21,216462.6,144671.414
,2024-05-31,6.64,6.77,6.58,6.7,6.7,0.0,0.0,137176.0,91812.795
,2024-06-03,6.77,6.9,6.57,6.62,6.7,-0.08,-1.19,137489.99,92645.239
,2024-06-04,6.67,6.67,6.3,6.47,6.62,-0.1500000000000003,-2.27,174126.0,112189.746
,2024-06-05,6.47,6.49,6.24,6.25,6.47,-0.2199999999999997,-3.4,109412.0,69595.222
,2024-06-06,6.32,6.39,5.98,6.02,6.25,-0.2300000000000004,-3.68,178074.9,109382.019
,2024-06-07,6.14,6.21,6.04,6.18,6.02,0.1600000000000001,2.66,119526.6,73545.84
,2024-06-11,6.18,6.38,6.01,6.34,6.18,0.1600000000000001,2.59,117707.6,73187.18
,2024-06-12,6.29,6.46,6.29,6.38,6.34,0.04,0.63,107320.46,68584.955
,2024-06-13,6.39,6.45,6.32,6.35,6.38,-0.0300000000000002,-0.47,111999.26,71584.826
,2024-06-14,6.34,6.47,6.28,6.41,6.35,0.0600000000000005,0.94,110624.76,70584.831
,2024-06-17,6.43,6.51,6.39,6.42,6.41,0.0099999999999997,0.16,90835.58,58557.487
,2024-06-18,6.45,6.73,6.45,6.68,6.42,0.2599999999999998,4.05,224940.38,149561.546
,2024-06-19,6.63,6.86,6.61,6.76,6.68,0.08,1.2,220595.4,149277.73
,2024-06-20,6.74,6.76,6.43,6.44,6.76,-0.3199999999999994,-4.73,173106.4,113985.235
,2024-06-21,6.74,6.79,6.51,6.53,6.44,0.0899999999999998,1.4,182124.42,120335.694
,2024-06-24,6.44,6.47,6.12,6.14,6.53,-0.3900000000000005,-5.97,190263.4,119205.324
,2024-06-25,6.18,6.27,5.99,6.03,6.14,-0.1099999999999994,-1.79,129758.6,79283.531
,2024-06-26,6.11,6.31,6.09,6.29,6.03,0.2599999999999998,4.31,168470.32,104745.257
,2024-06-27,6.29,6.44,6.15,6.21,6.29,-0.08,-1.27,160242.6,100416.435
,2024-06-28,6.28,6.83,6.27,6.57,6.21,0.3600000000000003,5.8,344633.75,226877.147
,2024-07-01,6.57,6.59,6.29,6.39,6.57,-0.1800000000000006,-2.74,211345.69,135160.51
,2024-07-02,6.38,6.44,6.31,6.34,6.39,-0.0499999999999998,-0.78,115156.38,73508.208
,2024-07-03,6.35,6.36,6.21,6.22,6.34,-0.1200000000000001,-1.89,106164.8,66582.116
,2024-07-04,6.26,6.31,6.05,6.07,6.22,-0.1499999999999994,-2.41,114972.0,70772.489
,2024-07-05,6.01,6.16,5.94,6.1,6.07,0.0299999999999993,0.49,87392.0,53019.578
,2024-07-08,6.11,6.11,5.89,5.92,6.1,-0.1799999999999997,-2.95,85004.4,50965.801
,2024-07-09,5.99,6.05,5.79,6.05,5.92,0.1299999999999999,2.2,112463.8,67054.165
,2024-07-10,6.02,6.11,5.95,6.0,6.05,-0.0499999999999998,-0.83,89121.92,53839.236
,2024-07-11,6.16,6.16,6.05,6.11,6.0,0.1100000000000003,1.83,116853.7,71311.435
,2024-07-12,5.89,5.96,5.8,5.81,6.11,-0.3000000000000007,-4.91,169584.4,99699.417
,2024-07-15,5.82,5.84,5.62,5.66,5.81,-0.1499999999999994,-2.58,115344.41,65908.312
,2024-07-16,5.63,5.73,5.6,5.69,5.66,0.0300000000000002,0.53,83345.0,47416.331
,2024-07-17,5.66,5.7,5.4,5.41,5.69,-0.2800000000000002,-4.92,175233.4,96617.378
,2024-07-18,5.39,5.41,5.24,5.4,5.41,-0.0099999999999997,-0.18,117910.2,62876.595
,2024-07-19,5.59,5.94,5.53,5.89,5.4,0.4899999999999993,9.07,340907.17,197050.058
,2024-07-22,5.89,5.92,5.77,5.79,5.89,-0.0999999999999996,-1.7,195857.08,114203.132
,2024-07-23,5.74,6.12,5.72,5.89,5.79,0.0999999999999996,1.73,299268.95,178411.801
,2024-07-24,5.79,5.94,5.63,5.65,5.89,-0.2399999999999993,-4.07,191573.4,110611.961
,2024-07-25,5.57,5.69,5.53,5.6,5.65,-0.0500000000000007,-0.88,128948.0,72404.334
,2024-07-26,5.64,5.82,5.64,5.81,5.6,0.2099999999999999,3.75,162343.0,93364.364
,2024-07-29,5.79,6.01,5.77,5.93,5.81,0.1200000000000001,2.07,184874.71,109743.366
,2024-07-30,5.89,6.1,5.83,5.99,5.93,0.0600000000000005,1.01,183348.01,109595.446
,2024-07-31,6.01,6.1,5.91,6.07,5.99,0.08,1.34,204072.18,123698.006
,2024-08-01,6.07,6.33,6.06,6.19,6.07,0.1200000000000001,1.98,264477.02,164888.027
,2024-08-02,6.13,6.15,5.95,6.0,6.19,-0.1900000000000004,-3.07,195714.4,118747.92
,2024-08-05,6.0,6.1,5.79,5.79,6.0,-0.2099999999999999,-3.5,158232.0,94384.17
,2024-08-06,5.88,5.93,5.74,5.86,5.79,0.0700000000000002,1.21,136356.28,79703.119
,2024-08-07,5.86,5.93,5.82,5.84,5.86,-0.0200000000000004,-0.34,90994.8,53520.593
,2024-08-08,5.85,5.94,5.69,5.86,5.84,0.0200000000000004,0.34,124942.88,72778.694
,2024-08-09,5.88,6.0,5.83,5.84,5.86,-0.0200000000000004,-0.34,105065.0,62304.129
,2024-08-12,5.81,5.81,5.63,5.68,5.84,-0.1600000000000001,-2.74,100826.7,57636.541
,2024-08-13,5.68,5.73,5.61,5.71,5.68,0.0300000000000002,0.53,62859.9,35690.705
,2024-08-14,5.72,5.87,5.68,5.77,5.71,0.0599999999999996,1.05,100655.83,58231.681
,2024-08-15,5.73,5.86,5.67,5.82,5.77,0.0500000000000007,0.87,97385.0,56404.615
,2024-08-16,5.86,5.88,5.74,5.77,5.82,-0.0500000000000007,-0.86,81930.0,47492.108
,2024-08-19,5.74,5.83,5.72,5.75,5.77,-0.0199999999999995,-0.35,69575.0,40249.15
,2024-08-20,5.74,5.74,5.54,5.58,5.75,-0.1699999999999999,-2.96,92239.72,51714.828
,2024-08-21,5.57,5.68,5.55,5.56,5.58,-0.0200000000000004,-0.36,72541.72,40806.253
,2024-08-22,5.59,5.59,5.46,5.48,5.56,-0.0799999999999991,-1.44,58269.4,32220.689
,2024-08-23,5.49,5.53,5.42,5.5,5.48,0.0199999999999995,0.36,41885.13,22972.866
,2024-08-26,5.5,5.55,5.43,5.5,5.5,0.0,0.0,44675.0,24612.041
,2024-08-27,5.51,5.51,5.31,5.33,5.5,-0.1699999999999999,-3.09,78738.6,42461.706
,2024-08-28,5.48,5.48,5.31,5.34,5.33,0.0099999999999997,0.19,88960.8,47906.129
,2024-08-29,5.29,5.42,5.24,5.37,5.34,0.0300000000000002,0.56,76597.84,41076.434
,2024-08-30,5.38,5.55,5.38,5.47,5.37,0.0999999999999996,1.86,108438.44,59594.53
,2024-09-02,5.47,5.63,5.42,5.42,5.47,-0.0499999999999998,-0.91,120278.6,66599.388
,2024-09-03,5.34,5.49,5.33,5.48,5.42,0.0600000000000005,1.11,85140.6,46282.244
,2024-09-04,5.42,5.61,5.39,5.52,5.48,0.0399999999999991,0.73,106546.0,58762.254
,2024-09-05,5.54,5.71,5.5,5.61,5.52,0.0900000000000007,1.63,94361.21,52961.032
,2024-09-06,5.59,5.65,5.49,5.55,5.61,-0.0600000000000005,-1.07,65694.0,36573.124
,2024-09-09,5.55,5.56,5.41,5.47,5.55,-0.08,-1.44,64106.7,35198.169
,2024-09-10,5.49,5.59,5.38,5.58,5.47,0.1100000000000003,2.01,79931.5,43947.337
,2024-09-11,5.54,5.59,5.47,5.53,5.58,-0.0499999999999998,-0.9,48012.0,26548.285
,2024-09-12,5.51,5.57,5.45,5.45,5.53,-0.08,-1.45,61047.0,33727.815
,2024-09-13,5.43,5.47,5.31,5.32,5.45,-0.1299999999999999,-2.39,68044.1,36517.338
,2024-09-18,5.32,5.38,5.24,5.28,5.32,-0.04,-0.75,58562.4,31039.749
,2024-09-19,5.32,5.4,5.28,5.39,5.28,0.1099999999999994,2.08,74938.6,40214.461
,2024-09-20,5.37,5.48,5.37,5.47,5.39,0.08,1.48,68976.6,37554.947
,2024-09-23,5.49,5.67,5.43,5.54,5.47,0.0700000000000002,1.28,133351.0,74283.388
,2024-09-24,5.54,5.65,5.49,5.64,5.54,0.0999999999999996,1.81,114562.4,64151.156
,2024-09-25,5.72,5.82,5.66,5.67,5.64,0.0300000000000002,0.53,154559.8,88890.83
,2024-09-26,5.65,5.79,5.64,5.79,5.67,0.1200000000000001,2.12,142761.26,81734.907
,2024-09-27,5.89,6.15,5.84,6.03,5.79,0.2400000000000002,4.15,224448.2,134516.161
,2024-09-30,6.24,6.59,6.12,6.58,6.03,0.5499999999999998,9.12,369574.17,236207.972
,2024-10-08,7.24,7.24,6.59,7.05,6.58,0.4699999999999997,7.14,472477.27,329202.99
,2024-10-09,6.89,6.89,6.42,6.42,7.05,-0.6299999999999999,-8.94,307644.85,205773.016
,2024-10-10,6.51,6.69,6.39,6.47,6.42,0.0499999999999998,0.78,213397.4,140212.439
,2024-10-11,6.45,6.45,6.09,6.16,6.47,-0.3099999999999996,-4.79,190134.8,118679.963
,2024-10-14,6.18,6.31,6.11,6.31,6.16,0.1499999999999994,2.44,134568.2,83837.817
,2024-10-15,6.31,6.38,6.18,6.19,6.31,-0.1199999999999992,-1.9,131500.43,82660.683
,2024-10-16,6.12,6.26,6.1,6.2,6.19,0.0099999999999997,0.16,96734.0,59885.876
,2024-10-17,6.27,6.35,6.14,6.15,6.2,-0.0499999999999998,-0.81,126010.35,78804.207
,2024-10-18,6.13,6.4,6.12,6.31,6.15,0.1599999999999992,2.6,176760.04,111075.639
,2024-10-21,6.33,6.53,6.33,6.46,6.31,0.1500000000000003,2.38,196038.4,126276.93
,2024-10-22,6.5,7.04,6.42,6.84,6.46,0.3799999999999999,5.88,513268.6,347393.617
,2024-10-23,6.84,6.84,6.67,6.69,6.84,-0.1499999999999994,-2.19,275371.73,185409.242
,2024-10-24,6.68,7.05,6.63,6.89,6.69,0.1999999999999993,2.99,348693.13,239479.894
,2024-10-25,6.86,7.06,6.85,6.97,6.89,0.08,1.16,310027.13,215166.113
,2024-10-28,6.96,7.15,6.9,7.08,6.97,0.1100000000000003,1.58,279063.45,196913.582
,2024-10-29,7.03,7.08,6.82,6.82,7.08,-0.2599999999999998,-3.67,283083.01,196100.442
,2024-10-30,6.81,6.99,6.8,6.95,6.82,0.1299999999999999,1.91,180291.43,124517.535
,2024-10-31,7.0,7.07,6.92,7.02,6.95,0.0699999999999994,1.01,211656.14,148385.233
,2024-11-01,7.01,7.02,6.65,6.67,7.02,-0.3499999999999996,-4.99,229805.6,155213.855
,2024-11-04,6.63,7.15,6.63,6.98,6.67,0.3100000000000005,4.65,242650.91,167216.244
,2024-11-05,7.0,7.19,6.91,7.15,6.98,0.1699999999999999,2.44,277239.77,195423.332
,2024-11-06,7.29,7.49,7.15,7.23,7.15,0.08,1.12,376055.07,274938.626
,2024-11-07,7.08,7.26,7.08,7.21,7.23,-0.0200000000000004,-0.28,226142.99,162365.18
,2024-11-08,7.24,7.3,7.12,7.14,7.21,-0.0700000000000002,-0.97,217250.08,156552.694
,2024-11-11,7.14,7.53,7.13,7.45,7.14,0.3100000000000005,4.34,356417.44,263363.8
,2024-11-12,7.46,7.55,7.23,7.3,7.45,-0.1500000000000003,-2.01,307170.6,226302.939
,2024-11-13,7.24,7.4,7.13,7.31,7.3,0.0099999999999997,0.14,163345.22,118559.294
,2024-11-14,7.24,7.48,7.07,7.08,7.31,-0.2299999999999995,-3.15,215269.0,155455.565
,2024-11-15,7.09,7.22,6.91,6.92,7.08,-0.1600000000000001,-2.26,158421.77,112016.554
,2024-11-18,6.95,7.01,6.65,6.73,6.92,-0.1899999999999995,-2.75,164872.0,111759.736
,2024-11-19,6.85,7.4,6.85,7.21,6.73,0.4799999999999995,7.13,525891.03,378719.183
,2024-11-20,7.11,7.71,7.11,7.69,7.21,0.4800000000000004,6.66,694886.57,515174.722
,2024-11-21,7.63,7.69,7.45,7.58,7.69,-0.1100000000000003,-1.43,474753.45,357448.988
,2024-11-22,7.6,7.73,7.36,7.37,7.58,-0.2099999999999999,-2.77,411366.13,310545.104
,2024-11-25,7.39,8.11,7.15,8.03,7.37,0.6599999999999993,8.96,901411.93,700470.725
,2024-11-26,7.85,7.85,7.38,7.43,8.03,-0.5999999999999996,-7.47,592928.46,451535.715
,2024-11-27,7.4,7.58,7.33,7.55,7.43,0.1200000000000001,1.62,328291.59,245634.848
,2024-11-28,7.55,8.31,7.49,8.31,7.55,0.7600000000000007,10.07,821085.08,670158.817
,2024-11-29,8.32,9.14,8.18,9.14,8.31,0.8300000000000001,9.99,1318526.2,1135721.728
,2024-12-02,9.29,10.03,8.81,8.84,9.14,-0.3000000000000007,-3.28,1697552.01,1613762.123
,2024-12-03,8.85,9.7,8.85,9.04,8.84,0.1999999999999993,2.26,1318396.06,1219377.185
,2024-12-04,8.85,9.43,8.35,8.57,9.04,-0.4699999999999988,-5.2,1055124.87,930041.781
,2024-12-05,8.32,9.25,8.27,8.89,8.57,0.3200000000000003,3.73,775984.54,664360.545
,2024-12-06,8.85,9.1,8.51,8.61,8.89,-0.2800000000000011,-3.15,565194.77,491222.028
,2024-12-09,8.52,8.74,8.44,8.66,8.61,0.0500000000000007,0.58,433711.37,373197.579
,2024-12-10,8.88,8.93,8.6,8.61,8.66,-0.0500000000000007,-0.58,438486.49,382113.364
,2024-12-11,8.38,8.52,8.38,8.45,8.61,-0.1600000000000001,-1.86,349662.0,295371.623
,2024-12-12,8.47,8.53,8.28,8.4,8.45,-0.0499999999999989,-0.59,326619.99,273344.335
,2024-12-13,8.32,8.67,8.22,8.49,8.4,0.0899999999999998,1.07,481454.16,406243.602
,2024-12-16,8.44,8.93,8.39,8.9,8.49,0.4100000000000001,4.83,710236.33,620862.245
,2024-12-17,8.92,8.93,8.06,8.14,8.9,-0.7599999999999998,-8.54,463597.61,391572.718
,2024-12-18,8.1,8.43,7.8,8.23,8.14,0.0899999999999998,1.11,314733.45,255017.437
,2024-12-19,8.05,8.13,7.84,7.98,8.23,-0.25,-3.04,258344.34,205884.24
,2024-12-20,8.06,8.39,7.98,8.28,7.98,0.2999999999999989,3.76,291626.2,238912.953
,2024-12-23,8.3,8.6,8.0,8.2,8.28,-0.08,-0.97,362577.5,302696.519
,2024-12-24,8.3,8.88,8.3,8.59,8.2,0.3900000000000005,4.76,452186.16,387593.287
,2024-12-25,8.46,8.65,8.15,8.23,8.59,-0.3599999999999994,-4.19,319237.8,265712.061
,2024-12-26,8.27,9.05,8.13,9.05,8.23,0.8200000000000003,9.96,605886.96,533030.202
,2024-12-27,9.05,9.31,8.77,8.82,9.05,-0.2300000000000004,-2.54,867286.75,778910.376
,2024-12-30,8.95,9.56,8.9,9.29,8.82,0.4699999999999988,5.33,854300.95,783635.705
,2024-12-31,9.3,9.33,8.56,8.67,9.29,-0.6199999999999992,-6.67,600601.07,532187.931
,2025-01-02,8.53,8.58,7.96,8.09,8.67,-0.5800000000000001,-6.69,436498.18,361864.977
,2025-01-03,8.05,8.09,7.28,7.31,8.09,-0.7800000000000002,-9.64,455695.38,345552.958
,2025-01-06,7.14,7.25,6.87,6.91,7.31,-0.3999999999999994,-5.47,299859.61,211082.399
,2025-01-07,6.91,7.15,6.86,7.14,6.91,0.2299999999999995,3.33,224250.44,157149.643
,2025-01-08,7.14,7.2,6.79,7.08,7.14,-0.0599999999999996,-0.84,242287.0,169882.719
,2025-01-09,6.99,7.35,6.98,7.14,7.08,0.0599999999999996,0.85,221736.4,159494.478
,2025-01-10,7.08,7.35,7.0,7.0,7.14,-0.1399999999999996,-1.96,237861.0,169971.302
,2025-01-13,6.81,6.96,6.65,6.88,7.0,-0.1200000000000001,-1.71,165172.04,112596.725
,2025-01-14,6.9,7.27,6.9,7.27,6.88,0.3899999999999997,5.67,231918.11,165326.463
,2025-01-15,7.23,7.3,7.1,7.15,7.27,-0.1199999999999992,-1.65,155497.11,111554.486
,2025-01-16,7.2,7.31,7.05,7.14,7.15,-0.0100000000000006,-0.14,165274.8,118577.79
,2025-01-17,7.08,7.24,7.06,7.15,7.14,0.0100000000000006,0.14,143583.6,102635.755
,2025-01-20,7.23,7.27,7.11,7.15,7.15,0.0,0.0,140205.0,100305.847
,2025-01-21,7.17,7.29,7.04,7.15,7.15,0.0,0.0,152873.2,109292.681
,2025-01-22,7.22,7.3,7.06,7.08,7.15,-0.0700000000000002,-0.98,181326.8,130047.61
,2025-01-23,7.17,7.36,7.06,7.08,7.08,0.0,0.0,232830.8,167946.546
,2025-01-24,7.08,7.14,6.97,7.1,7.08,0.0199999999999995,0.28,154862.0,109567.961
,2025-01-27,7.15,7.29,7.09,7.09,7.1,-0.0099999999999997,-0.14,177721.8,127546.174
,2025-02-05,7.23,7.7,7.15,7.62,7.09,0.5300000000000002,7.48,379761.49,284389.428
,2025-02-06,7.7,7.98,7.58,7.88,7.62,0.2599999999999998,3.41,325305.88,253497.501
,2025-02-07,7.89,8.18,7.85,7.98,7.88,0.1000000000000005,1.27,326485.71,260839.008
,2025-02-10,7.97,8.23,7.8,8.13,7.98,0.1500000000000003,1.88,389281.6,311827.571
,2025-02-11,7.98,8.27,7.8,7.85,8.13,-0.2800000000000011,-3.44,637532.23,506504.533
,2025-02-12,7.82,8.25,7.81,8.18,7.85,0.33,4.2,563357.3,456165.451
,2025-02-13,8.39,8.73,8.21,8.21,8.18,0.0300000000000011,0.37,673144.2,569379.9
,2025-02-14,8.23,8.5,8.07,8.44,8.21,0.2299999999999986,2.8,540715.68,448986.713
,2025-02-17,8.45,8.55,8.3,8.41,8.44,-0.0299999999999993,-0.36,452440.73,380741.263
,2025-02-18,8.33,8.42,7.92,7.98,8.41,-0.4299999999999997,-5.11,394291.28,320821.703
,2025-02-19,7.9,8.33,7.9,8.24,7.98,0.2599999999999998,3.26,284978.6,233546.586
,2025-02-20,8.24,8.35,8.15,8.28,8.24,0.0399999999999991,0.49,262724.61,216796.353
,2025-02-21,8.3,8.51,8.19,8.48,8.28,0.200000000000001,2.42,392494.29,329846.809
,2025-02-24,8.5,8.68,8.39,8.46,8.48,-0.0199999999999995,-0.24,435777.78,372152.036
,2025-02-25,8.29,8.62,8.22,8.5,8.46,0.0399999999999991,0.47,358092.17,302441.527
,2025-02-26,8.46,8.58,8.44,8.51,8.5,0.0099999999999997,0.12,313681.39,266864.558
,2025-02-27,8.51,8.55,8.17,8.32,8.51,-0.1899999999999995,-2.23,315306.81,262359.41
,2025-02-28,8.24,8.34,7.91,7.94,8.32,-0.3799999999999999,-4.57,273297.98,220742.322
,2025-03-03,8.0,8.23,7.85,8.05,7.94,0.1100000000000003,1.39,229637.98,185512.66
,2025-03-04,7.96,8.21,7.96,8.17,8.05,0.1199999999999992,1.49,186627.71,151418.335
,2025-03-05,8.21,8.39,8.07,8.37,8.17,0.1999999999999993,2.45,378979.51,312982.456
,2025-03-06,8.36,8.51,8.33,8.46,8.37,0.0900000000000016,1.08,391624.68,329599.001
,2025-03-07,8.43,9.04,8.31,8.56,8.46,0.0999999999999996,1.18,727607.2,629062.543
,2025-03-10,8.4,8.6,8.37,8.45,8.56,-0.1100000000000012,-1.29,407674.65,344746.177
,2025-03-11,8.3,8.7,8.27,8.65,8.45,0.200000000000001,2.37,492177.03,420887.664
,2025-03-12,8.89,9.52,8.82,9.52,8.65,0.8699999999999992,10.06,569986.12,528556.239
,2025-03-13,9.81,9.93,8.85,8.96,9.52,-0.5599999999999987,-5.88,1315945.98,1220576.283
,2025-03-14,9.1,9.2,8.68,8.81,8.96,-0.1500000000000003,-1.67,733992.62,649423.761
,2025-03-17,8.84,9.41,8.72,9.18,8.81,0.3699999999999992,4.2,814162.66,740476.217
,2025-03-18,9.04,9.28,8.98,9.0,9.18,-0.1799999999999997,-1.96,540310.14,490740.389
,2025-03-19,8.97,8.98,8.72,8.8,9.0,-0.1999999999999993,-2.22,418794.51,368866.595
,2025-03-20,8.75,9.28,8.64,9.11,8.8,0.3099999999999987,3.52,778969.2,707456.711
,2025-03-21,9.02,9.16,8.8,8.91,9.11,-0.1999999999999993,-2.2,459177.0,410755.545
,2025-03-24,8.91,9.03,8.2,8.45,8.91,-0.4600000000000008,-5.16,504668.52,429940.353
,2025-03-25,8.46,8.49,8.15,8.19,8.45,-0.2599999999999998,-3.08,268210.33,221959.297
,2025-03-26,8.24,8.56,8.21,8.31,8.19,0.120000000000001,1.47,227477.93,190397.656
,2025-03-27,8.3,8.38,8.15,8.2,8.31,-0.1100000000000012,-1.32,178041.1,146659.364
,2025-03-28,8.22,8.27,8.06,8.13,8.2,-0.0699999999999985,-0.85,181473.97,147940.294
,2025-03-31,8.1,8.17,7.9,8.09,8.13,-0.0400000000000009,-0.49,190117.6,152540.716
,2025-04-01,8.12,8.17,8.05,8.12,8.09,0.0299999999999993,0.37,143298.0,116259.913
,2025-04-02,8.1,8.16,8.05,8.08,8.12,-0.0399999999999991,-0.49,106768.26,86543.448
,2025-04-03,8.01,8.24,7.97,8.1,8.08,0.0199999999999995,0.25,155046.4,126091.671
,2025-04-07,7.55,7.65,7.29,7.29,8.1,-0.8099999999999996,-10.0,191393.8,141427.167
,2025-04-08,7.2,7.32,6.84,7.04,7.29,-0.25,-3.43,274650.67,193955.695
,2025-04-09,6.98,7.26,6.52,7.21,7.04,0.1699999999999999,2.41,234034.54,162386.309
,2025-04-10,7.33,7.47,7.26,7.27,7.21,0.0599999999999996,0.83,210498.8,155232.396
,2025-04-11,7.18,7.61,7.18,7.48,7.27,0.2100000000000008,2.89,226055.33,168173.261
,2025-04-14,7.55,7.63,7.5,7.54,7.48,0.0599999999999996,0.8,160381.4,121421.077
,2025-04-15,7.51,7.57,7.43,7.48,7.54,-0.0599999999999996,-0.8,128525.8,96132.41
,2025-04-16,7.45,7.48,7.17,7.27,7.48,-0.2100000000000008,-2.81,137742.0,100678.358
,2025-04-17,7.26,7.34,7.23,7.27,7.27,0.0,0.0,76876.85,56122.707
,2025-04-18,7.24,7.32,7.19,7.28,7.27,0.0100000000000006,0.14,86716.33,62898.245
,2025-04-21,7.25,7.41,7.21,7.4,7.28,0.1200000000000001,1.65,86065.0,63263.974
,2025-04-22,7.33,7.45,7.33,7.36,7.4,-0.04,-0.54,85090.0,62772.663
,2025-04-23,7.39,7.48,7.37,7.45,7.36,0.0899999999999998,1.22,111837.2,83117.095
,2025-04-24,7.46,7.57,7.39,7.43,7.45,-0.0200000000000004,-0.27,160277.26,119879.4
,2025-04-25,7.46,7.51,7.39,7.44,7.43,0.0100000000000006,0.13,102449.0,76355.617
,2025-04-28,7.46,7.48,7.26,7.26,7.44,-0.1800000000000006,-2.42,87364.55,64147.78
,2025-04-29,7.26,7.52,7.24,7.51,7.26,0.25,3.44,133978.4,99347.824
,2025-04-30,7.48,7.89,7.29,7.57,7.51,0.0600000000000005,0.8,365919.0,276995.393
,2025-05-06,7.55,7.74,7.52,7.74,7.57,0.1699999999999999,2.25,263065.02,201116.105
,2025-05-07,7.75,7.81,7.6,7.69,7.74,-0.0499999999999998,-0.65,207004.0,159726.227
,2025-05-08,7.64,7.78,7.63,7.76,7.69,0.0699999999999994,0.91,160794.22,124516.802
,2025-05-09,7.74,7.76,7.57,7.62,7.76,-0.1399999999999996,-1.8,126337.06,96529.998
,2025-05-12,7.66,7.72,7.62,7.69,7.62,0.0700000000000002,0.92,115550.4,88697.597
,2025-05-13,7.77,7.78,7.6,7.62,7.69,-0.0700000000000002,-0.91,121189.4,92993.747
,2025-05-14,7.63,7.66,7.52,7.57,7.62,-0.0499999999999998,-0.66,108028.0,81861.992
,2025-05-15,7.57,7.61,7.4,7.41,7.57,-0.1600000000000001,-2.11,98389.0,73413.878
,2025-05-16,7.43,7.78,7.4,7.63,7.41,0.2199999999999997,2.97,279895.66,214142.763
,2025-05-19,7.71,7.79,7.58,7.66,7.63,0.0300000000000002,0.39,205918.99,157917.719
,2025-05-20,7.62,7.67,7.55,7.65,7.66,-0.0099999999999997,-0.13,131730.53,100327.956
,2025-05-21,7.59,7.64,7.5,7.55,7.65,-0.1000000000000005,-1.31,133593.0,100781.893
,2025-05-22,7.53,7.61,7.46,7.48,7.55,-0.0699999999999994,-0.93,102772.0,77259.22
,2025-05-23,7.45,7.52,7.3,7.32,7.48,-0.1600000000000001,-2.14,131464.4,97384.494
,2025-05-26,7.32,7.4,7.3,7.36,7.32,0.04,0.55,71721.4,52736.146
,2025-05-27,7.4,7.4,7.27,7.37,7.36,0.0099999999999997,0.14,86093.4,63075.562
,2025-05-28,7.36,7.65,7.34,7.51,7.37,0.1399999999999996,1.9,174425.13,131377.391
,2025-05-29,7.51,7.63,7.48,7.59,7.51,0.08,1.07,156902.27,118985.197
,2025-05-30,7.56,7.58,7.36,7.36,7.59,-0.2299999999999995,-3.03,125179.47,92919.481
,2025-06-03,7.31,7.41,7.31,7.35,7.36,-0.0100000000000006,-0.14,75658.0,55721.453
,2025-06-04,7.33,7.4,7.33,7.38,7.35,0.0300000000000002,0.41,75101.4,55341.108
,2025-06-05,7.35,7.44,7.31,7.42,7.38,0.04,0.54,102370.0,75576.9
,2025-06-06,7.42,7.51,7.4,7.48,7.42,0.0600000000000005,0.81,124613.2,92882.749
,2025-06-09,7.48,7.55,7.44,7.51,7.48,0.0299999999999993,0.4,109143.02,81763.54
,2025-06-10,7.52,7.59,7.42,7.54,7.51,0.0300000000000002,0.4,175924.0,132006.627
,2025-06-11,7.52,7.66,7.48,7.59,7.54,0.0499999999999998,0.66,167203.6,126833.04
,2025-06-12,7.56,7.58,7.51,7.57,7.59,-0.0199999999999995,-0.26,103588.8,78168.198
,2025-06-13,7.55,7.7,7.45,7.46,7.57,-0.1100000000000003,-1.45,180668.57,137131.205
,2025-06-16,7.39,7.49,7.38,7.47,7.46,0.0099999999999997,0.13,82397.48,61380.02
,2025-06-17,7.47,7.49,7.39,7.45,7.47,-0.0199999999999995,-0.27,74099.82,55070.476
,2025-06-18,7.44,7.44,7.31,7.37,7.45,-0.08,-1.07,96508.8,71035.877
,2025-06-19,7.37,7.37,7.22,7.24,7.37,-0.1299999999999999,-1.76,96544.63,70419.756
,2025-06-20,7.23,7.33,7.16,7.17,7.24,-0.0700000000000002,-0.97,77756.8,56255.119
,2025-06-23,7.13,7.31,7.08,7.29,7.17,0.1200000000000001,1.67,86780.0,62603.389
,2025-06-24,7.3,7.54,7.3,7.51,7.29,0.2199999999999997,3.02,190252.07,141966.374
,2025-06-25,7.53,7.57,7.47,7.55,7.51,0.04,0.53,116554.66,87654.049
,2025-06-26,7.52,7.58,7.5,7.51,7.55,-0.04,-0.53,111370.06,83973.366
,2025-06-27,7.53,7.56,7.49,7.53,7.51,0.0200000000000004,0.27,93719.11,70479.528
,2025-06-30,7.52,7.7,7.52,7.68,7.53,0.1499999999999994,1.99,163515.92,124636.289
,2025-07-01,7.69,7.82,7.64,7.7,7.68,0.0200000000000004,0.26,196876.01,151890.007
,2025-07-02,7.7,7.73,7.59,7.67,7.7,-0.0300000000000002,-0.39,134177.6,102500.4
,2025-07-03,7.65,7.7,7.61,7.66,7.67,-0.0099999999999997,-0.13,78484.62,60106.81
,2025-07-04,7.63,7.66,7.54,7.55,7.66,-0.1100000000000003,-1.44,115361.43,87431.49
,2025-07-07,7.6,7.62,7.53,7.61,7.55,0.0600000000000005,0.79,64302.41,48743.906
,2025-07-08,7.61,7.73,7.6,7.71,7.61,0.0999999999999996,1.31,97364.22,74682.05
,2025-07-09,7.72,7.73,7.64,7.67,7.71,-0.04,-0.52,79400.03,61002.021
,2025-07-10,7.66,7.72,7.64,7.69,7.67,0.0200000000000004,0.26,93505.67,71877.302
,2025-07-11,7.69,7.76,7.64,7.72,7.69,0.0299999999999993,0.39,123771.67,95385.187
,2025-07-14,7.75,7.77,7.7,7.73,7.72,0.0100000000000006,0.13,86734.78,67046.361
,2025-07-15,7.74,7.74,7.56,7.65,7.73,-0.08,-1.03,127063.87,96922.365
,2025-07-16,7.64,7.73,7.62,7.67,7.65,0.0199999999999995,0.26,85324.31,65481.263
,2025-07-17,7.68,7.81,7.66,7.8,7.67,0.1299999999999999,1.69,156879.22,121589.277
,2025-07-18,7.77,7.81,7.71,7.74,7.8,-0.0599999999999996,-0.77,111548.8,86336.578
,2025-07-21,7.78,7.85,7.75,7.85,7.74,0.1099999999999994,1.42,138290.4,108059.425
,2025-07-22,7.85,8.49,7.85,8.07,7.85,0.2200000000000006,2.8,495770.67,403438.378
,2025-07-23,8.09,8.14,7.89,7.91,8.07,-0.1600000000000001,-1.98,233688.01,185978.023
,2025-07-24,7.95,7.98,7.88,7.96,7.91,0.0499999999999998,0.63,152835.02,121173.954
,2025-07-25,7.98,7.98,7.89,7.92,7.96,-0.04,-0.5,117259.4,92796.917
,2025-07-28,7.97,8.03,7.89,7.96,7.92,0.04,0.51,121180.0,96154.835
,2025-07-29,7.96,7.96,7.83,7.95,7.96,-0.0099999999999997,-0.13,129053.0,101888.792
,2025-07-30,7.9,7.93,7.75,7.81,7.95,-0.1400000000000005,-1.76,132078.42,103491.978
,2025-07-31,7.8,7.88,7.7,7.73,7.81,-0.0799999999999991,-1.02,134575.6,104929.68
,2025-08-01,7.72,7.8,7.69,7.79,7.73,0.0599999999999996,0.78,113101.44,87627.016
,2025-08-04,7.72,7.87,7.68,7.87,7.79,0.08,1.03,98418.24,76830.792
,2025-08-05,7.86,7.95,7.85,7.93,7.87,0.0599999999999996,0.76,99195.93,78401.444
,2025-08-06,7.93,8.04,7.9,8.03,7.93,0.0999999999999996,1.26,169195.43,135481.114
,2025-08-07,8.03,8.1,7.97,8.03,8.03,0.0,0.0,148002.0,118768.347
,2025-08-08,8.05,8.14,7.97,8.08,8.03,0.0500000000000007,0.62,170767.4,137383.292
,2025-08-11,8.1,8.15,8.04,8.09,8.08,0.0099999999999997,0.12,139008.8,112308.583
,2025-08-12,8.05,8.11,8.0,8.07,8.09,-0.0199999999999995,-0.25,117606.59,94602.227
,2025-08-13,8.03,8.1,8.03,8.07,8.07,0.0,0.0,130174.61,105037.72
,2025-08-14,8.09,8.1,7.85,7.87,8.07,-0.2000000000000001,-2.48,152271.2,121202.927
,2025-08-15,7.88,8.0,7.85,7.99,7.87,0.1200000000000001,1.52,133211.32,106017.188
,2025-08-18,8.13,8.29,8.11,8.16,7.99,0.1699999999999999,2.13,280431.79,229408.616
,2025-08-19,8.16,8.21,8.09,8.17,8.16,0.0099999999999997,0.12,167668.2,136895.935
,2025-08-20,8.2,8.29,8.16,8.29,8.17,0.1199999999999992,1.47,235718.2,194545.54
,2025-08-21,8.29,8.36,8.22,8.25,8.29,-0.0399999999999991,-0.48,221493.96,183240.943
,2025-08-22,8.22,8.28,8.19,8.27,8.25,0.0199999999999995,0.24,164119.0,135203.088
,2025-08-25,8.31,8.36,8.2,8.28,8.27,0.0099999999999997,0.12,202145.86,167260.468
,2025-08-26,8.26,8.44,8.23,8.38,8.28,0.1000000000000014,1.21,250120.2,209778.274
,2025-08-27,8.39,8.43,8.13,8.14,8.38,-0.2400000000000002,-2.86,221491.08,183799.006
,2025-08-28,8.14,8.25,7.93,8.2,8.14,0.0599999999999987,0.74,213788.56,173298.319
,2025-08-29,8.22,8.23,8.07,8.09,8.2,-0.1099999999999994,-1.34,147503.8,119803.378
,2025-09-01,8.1,8.22,8.09,8.12,8.09,0.0299999999999993,0.37,138834.23,113157.375
,2025-09-02,8.11,8.17,7.82,7.93,8.12,-0.1899999999999995,-2.34,219990.73,174327.275
,2025-09-03,7.94,7.95,7.62,7.65,7.93,-0.2799999999999993,-3.53,168519.83,130861.538
,2025-09-04,7.68,7.73,7.46,7.56,7.65,-0.0900000000000007,-1.18,177273.25,135058.508
,2025-09-05,7.58,7.72,7.52,7.71,7.56,0.1500000000000003,1.98,117324.56,89667.617
,2025-09-08,7.73,7.83,7.7,7.74,7.71,0.0300000000000002,0.39,161439.61,124909.766
,2025-09-09,7.72,7.73,7.57,7.61,7.74,-0.1299999999999999,-1.68,120339.33,91970.011
,2025-09-10,7.59,7.65,7.54,7.57,7.61,-0.04,-0.53,100629.01,76340.785
,2025-09-11,7.57,7.75,7.48,7.75,7.57,0.1799999999999997,2.38,145806.95,111475.4
,2025-09-12,7.78,7.98,7.71,7.8,7.75,0.0499999999999998,0.65,203859.16,159375.932
,2025-09-15,7.8,7.85,7.71,7.78,7.8,-0.0199999999999995,-0.26,150733.6,117156.318
,2025-09-16,7.78,7.82,7.7,7.79,7.78,0.0099999999999997,0.13,133152.29,103419.78
,2025-09-17,7.78,7.88,7.75,7.82,7.79,0.0300000000000002,0.39,127454.6,99768.971
,2025-09-18,7.82,7.94,7.67,7.77,7.82,-0.0500000000000007,-0.64,217314.48,170491.26
,2025-09-19,7.75,7.84,7.66,7.8,7.77,0.0300000000000002,0.39,163850.0,126838.288
,2025-09-22,7.8,8.12,7.77,7.94,7.8,0.1400000000000005,1.79,279632.46,223122.447
,2025-09-23,7.95,8.21,7.71,8.11,7.94,0.169999999999999,2.14,437962.5,350114.722
,2025-09-24,8.0,8.33,8.0,8.26,8.11,0.1500000000000003,1.85,384915.42,316183.918
,2025-09-25,8.25,8.35,8.09,8.12,8.26,-0.1400000000000005,-1.69,279457.81,229041.267
,2025-09-26,8.13,8.14,7.97,8.01,8.12,-0.1099999999999994,-1.35,197304.6,158692.795
,2025-09-29,8.01,8.08,7.91,7.97,8.01,-0.04,-0.5,181477.8,144961.531
,2025-09-30,7.97,8.03,7.89,7.93,7.97,-0.04,-0.5,176155.59,140015.14
,2025-10-09,7.96,8.05,7.91,8.03,7.93,0.0999999999999996,1.26,184481.7,147644.459
,2025-10-10,8.02,8.06,7.93,7.94,8.03,-0.0899999999999989,-1.12,146899.8,117157.969
,2025-10-13,7.7,7.95,7.55,7.93,7.94,-0.0100000000000006,-0.13,198301.48,154643.634
,2025-10-14,7.97,8.01,7.7,7.74,7.93,-0.1899999999999995,-2.4,189261.0,148367.469
,2025-10-15,7.74,7.83,7.66,7.8,7.74,0.0599999999999996,0.78,125849.0,97727.038
,2025-10-16,7.78,7.79,7.6,7.61,7.8,-0.1899999999999995,-2.44,136189.2,104450.677
,2025-10-17,7.61,7.63,7.3,7.3,7.61,-0.3100000000000005,-4.07,187735.0,139580.745
,2025-10-20,7.39,7.49,7.39,7.46,7.3,0.1600000000000001,2.19,117869.87,87667.65
,2025-10-21,7.49,7.6,7.4,7.59,7.46,0.1299999999999999,1.74,94212.49,71105.49
,2025-10-22,7.6,7.65,7.56,7.58,7.59,-0.0099999999999997,-0.13,83675.98,63668.965
,2025-10-23,7.55,7.66,7.48,7.65,7.58,0.0700000000000002,0.92,87917.0,66451.767
,2025-10-24,7.69,7.75,7.67,7.69,7.65,0.04,0.52,99901.25,76962.643
,2025-10-27,7.72,7.74,7.65,7.7,7.69,0.0099999999999997,0.13,96801.2,74515.218
,2025-10-28,7.68,7.8,7.63,7.76,7.7,0.0599999999999996,0.78,109074.98,84511.374
,2025-10-29,7.72,7.82,7.68,7.81,7.76,0.0499999999999998,0.64,112777.68,87336.624
,2025-10-30,7.81,7.94,7.79,7.82,7.81,0.0100000000000006,0.13,149405.78,117479.275
,2025-10-31,7.82,7.87,7.77,7.85,7.82,0.0299999999999993,0.38,111545.4,87417.993
,2025-11-03,7.85,7.88,7.8,7.87,7.85,0.0200000000000004,0.25,97378.41,76355.293
,2025-11-04,7.87,8.0,7.83,7.89,7.87,0.0199999999999995,0.25,131594.59,104015.843
,2025-11-05,7.82,8.02,7.81,8.0,7.89,0.1100000000000003,1.39,151353.81,120319.146
,2025-11-06,8.0,8.05,7.95,8.01,8.0,0.0099999999999997,0.12,110539.83,88459.915
,2025-11-07,7.99,8.2,7.98,8.11,8.01,0.0999999999999996,1.25,161789.31,130994.233
,2025-11-10,8.14,8.28,8.13,8.23,8.11,0.120000000000001,1.48,221132.11,181880.038
,2025-11-11,8.24,8.6,8.18,8.41,8.23,0.1799999999999997,2.19,406447.47,342282.796
,2025-11-12,8.36,8.46,8.21,8.26,8.41,-0.1500000000000003,-1.78,226581.43,187678.722
,2025-11-13,8.28,8.5,8.23,8.35,8.26,0.0899999999999998,1.09,233598.52,195792.514
,2025-11-14,8.28,8.41,8.24,8.26,8.35,-0.0899999999999998,-1.08,183445.8,152446.489
,2025-11-17,8.26,8.33,8.16,8.3,8.26,0.0400000000000009,0.48,147275.6,121844.373
,2025-11-18,8.26,8.64,8.23,8.38,8.3,0.08,0.96,304660.2,257163.858
,2025-11-19,8.37,8.4,8.23,8.29,8.38,-0.0900000000000016,-1.07,197090.6,163249.236
,2025-11-20,8.25,8.43,8.24,8.31,8.29,0.0200000000000013,0.24,153436.4,127522.872
,2025-11-21,8.15,8.33,7.99,8.12,8.31,-0.1900000000000012,-2.29,270391.6,220389.046
,2025-11-24,8.24,8.58,8.18,8.39,8.12,0.2700000000000013,3.33,339449.19,284964.591
,2025-11-25,8.39,8.54,8.3,8.48,8.39,0.0899999999999998,1.07,280884.22,237009.237
,2025-11-26,8.45,8.52,8.29,8.32,8.48,-0.1600000000000001,-1.89,214958.4,179996.057
,2025-11-27,8.3,8.37,8.24,8.3,8.32,-0.0199999999999995,-0.24,136284.8,113140.311
,2025-11-28,8.35,8.38,8.23,8.3,8.3,0.0,0.0,148021.0,122868.637
,2025-12-01,8.29,8.36,8.28,8.34,8.3,0.0399999999999991,0.48,154232.0,128344.54
,2025-12-02,8.3,8.64,8.26,8.5,8.34,0.1600000000000001,1.92,360419.36,306100.509
,2025-12-03,8.52,8.64,8.36,8.55,8.5,0.0500000000000007,0.59,297909.2,253511.658
,2025-12-04,8.69,8.69,8.34,8.35,8.55,-0.200000000000001,-2.34,253790.8,214447.644
,2025-12-05,8.32,8.67,8.2,8.54,8.35,0.1899999999999995,2.28,286561.84,241055.421
,2025-12-08,8.57,8.83,8.54,8.7,8.54,0.1600000000000001,1.87,396580.83,345693.375
,2025-12-09,8.7,8.88,8.63,8.64,8.7,-0.0599999999999987,-0.69,289176.9,252540.595
,2025-12-10,8.63,8.69,8.51,8.58,8.64,-0.0600000000000005,-0.69,186801.83,160439.991
,2025-12-11,8.59,8.76,8.47,8.58,8.58,0.0,0.0,279058.14,240700.665
,2025-12-12,8.57,8.75,8.42,8.45,8.58,-0.1300000000000007,-1.52,315998.66,271443.626
,2025-12-15,8.37,8.49,8.18,8.39,8.45,-0.0599999999999987,-0.71,227090.55,189682.136
,2025-12-16,8.33,9.2,8.33,8.78,8.39,0.3899999999999988,4.65,705418.91,619493.933
,2025-12-17,8.9,9.09,8.66,8.79,8.78,0.0099999999999997,0.11,520904.98,459117.435
,2025-12-18,8.74,8.88,8.69,8.69,8.79,-0.0999999999999996,-1.14,326657.6,286479.808
,2025-12-19,8.71,8.84,8.62,8.78,8.69,0.0899999999999998,1.04,295984.98,258755.832
,2025-12-22,8.78,8.81,8.6,8.62,8.78,-0.1600000000000001,-1.82,281652.4,244864.564
,2025-12-23,8.58,8.93,8.39,8.51,8.62,-0.1099999999999994,-1.28,382251.69,328187.608
,2025-12-24,8.42,8.78,8.34,8.67,8.51,0.1600000000000001,1.88,284252.4,245229.472
,2025-12-25,8.68,8.8,8.63,8.75,8.67,0.08,0.92,270444.18,235962.879
,2025-12-26,8.72,8.95,8.69,8.9,8.75,0.1500000000000003,1.71,376014.8,332422.834
,2025-12-29,8.9,9.05,8.8,8.85,8.9,-0.0500000000000007,-0.56,318736.4,283742.789
,2025-12-30,8.84,8.88,8.65,8.74,8.85,-0.1099999999999994,-1.24,246051.22,215852.464
,2025-12-31,8.76,9.08,8.66,8.98,8.74,0.2400000000000002,2.75,493148.0,439646.34
,2026-01-05,8.99,9.04,8.79,8.89,8.98,-0.0899999999999998,-1.0,371438.0,329866.219
,2026-01-06,8.89,9.48,8.88,9.13,8.89,0.2400000000000002,2.7,671510.0,613572.193
,2026-01-07,9.09,9.13,8.86,8.91,9.13,-0.2200000000000006,-2.41,434834.39,389156.287
,2026-01-08,8.87,9.13,8.83,9.02,8.91,0.1099999999999994,1.23,393088.5,353512.224
,2026-01-09,9.21,9.34,9.09,9.22,9.02,0.200000000000001,2.22,499891.58,459718.044
,2026-01-12,9.3,10.14,9.26,9.79,9.22,0.5699999999999985,6.18,1172084.49,1146139.749
,2026-01-13,9.69,9.82,9.33,9.35,9.79,-0.4399999999999995,-4.49,822144.58,779534.997
,2026-01-14,9.36,9.46,9.01,9.12,9.35,-0.2300000000000004,-2.46,746688.0,690311.629
,2026-01-15,9.15,9.2,8.66,8.72,9.12,-0.3999999999999986,-4.39,542074.93,479696.766
,2026-01-16,8.75,8.83,8.55,8.78,8.72,0.0599999999999987,0.69,444980.0,386528.146
,2026-01-19,8.7,9.66,8.65,9.37,8.78,0.5899999999999999,6.72,1281830.38,1200889.444
,2026-01-20,9.22,9.58,9.22,9.3,9.37,-0.0699999999999985,-0.75,910072.03,856606.223
,2026-01-21,9.25,9.32,9.09,9.11,9.3,-0.1900000000000012,-2.04,436848.4,400090.87
,2026-01-22,9.21,9.39,9.15,9.35,9.11,0.2400000000000002,2.63,444459.6,412809.725
,2026-01-23,9.37,9.55,9.27,9.44,9.35,0.0899999999999998,0.96,464922.98,437718.977
,2026-01-26,9.41,9.41,9.07,9.14,9.44,-0.2999999999999989,-3.18,400896.95,368659.645
,2026-01-27,9.14,9.32,8.92,9.13,9.14,-0.0099999999999997,-0.11,330396.6,300709.69
,2026-01-28,9.12,9.13,8.83,8.87,9.13,-0.2600000000000015,-2.85,344123.87,306851.913
,2026-01-29,8.81,8.94,8.65,8.66,8.87,-0.209999999999999,-2.37,331226.0,290684.873
,2026-01-30,8.56,8.63,8.3,8.46,8.66,-0.1999999999999993,-2.31,325035.2,274489.459
,2026-02-02,8.23,8.36,8.13,8.16,8.46,-0.3000000000000007,-3.55,305985.09,252215.541
,2026-02-03,8.23,8.45,8.21,8.44,8.16,0.2799999999999993,3.43,221042.27,184782.424
,2026-02-04,8.45,8.5,8.28,8.38,8.44,-0.0599999999999987,-0.71,185552.6,155578.783
,2026-02-05,8.32,8.42,8.23,8.23,8.38,-0.1500000000000003,-1.79,148909.0,123604.501
,2026-02-06,8.19,8.33,8.16,8.25,8.23,0.0199999999999995,0.24,138817.81,114735.198
,2026-02-09,8.32,8.4,8.31,8.37,8.25,0.1199999999999992,1.45,132350.21,110778.39
,2026-02-10,8.36,8.5,8.31,8.39,8.37,0.0200000000000013,0.24,144069.2,121033.04
,2026-02-11,8.43,8.5,8.35,8.36,8.39,-0.0300000000000011,-0.36,152281.0,128288.441
,2026-02-12,8.35,8.37,8.23,8.3,8.36,-0.0599999999999987,-0.72,157605.01,131088.12
,2026-02-13,8.34,8.44,8.28,8.3,8.3,0.0,0.0,161574.61,135241.419
,2026-02-24,8.38,8.45,8.34,8.42,8.3,0.1199999999999992,1.45,139539.03,117292.942
,2026-02-25,8.42,8.69,8.42,8.54,8.42,0.1199999999999992,1.43,227361.23,194842.902
,2026-02-26,8.52,8.54,8.43,8.5,8.54,-0.0399999999999991,-0.47,153741.46,130323.622
,2026-02-27,8.47,8.58,8.42,8.56,8.5,0.0600000000000005,0.71,132628.66,113038.838
,2026-03-02,8.41,8.44,8.1,8.17,8.56,-0.3900000000000005,-4.56,298783.2,245542.765
,2026-03-03,8.16,8.19,7.68,7.72,8.17,-0.4500000000000002,-5.51,275202.84,217802.386
,2026-03-04,7.61,7.79,7.61,7.76,7.72,0.04,0.52,146662.0,113352.213
,2026-03-05,7.87,8.0,7.87,7.92,7.76,0.1600000000000001,2.06,144643.61,114783.719
,2026-03-06,7.9,8.08,7.85,8.02,7.92,0.0999999999999996,1.26,102437.6,82091.029
,2026-03-09,7.91,8.07,7.81,8.04,8.02,0.0199999999999995,0.25,139721.6,110669.001
,2026-03-10,8.07,8.28,8.07,8.23,8.04,0.1900000000000012,2.36,132961.61,108953.703
,2026-03-11,8.22,8.25,8.08,8.12,8.23,-0.1100000000000012,-1.34,103121.4,84000.665
,2026-03-12,8.1,8.1,7.91,7.92,8.12,-0.1999999999999993,-2.46,113732.0,90799.742
,2026-03-13,7.92,7.96,7.8,7.83,7.92,-0.0899999999999998,-1.14,102427.8,80777.03
,2026-03-16,7.81,7.87,7.76,7.85,7.83,0.0199999999999995,0.26,91618.97,71676.237
,2026-03-17,7.88,7.9,7.59,7.61,7.85,-0.2399999999999993,-3.06,132508.2,102429.419
,2026-03-18,7.61,7.75,7.57,7.75,7.61,0.1399999999999996,1.84,103952.0,79706.748
,2026-03-19,7.65,7.7,7.5,7.55,7.75,-0.2000000000000001,-2.58,122241.0,92832.572
,2026-03-20,7.56,7.62,7.27,7.28,7.55,-0.2699999999999996,-3.58,158109.8,117234.952
,2026-03-23,7.15,7.18,6.78,6.88,7.28,-0.4000000000000003,-5.49,190337.4,133036.743
,2026-03-24,7.02,7.08,6.86,7.08,6.88,0.2000000000000001,2.91,149277.56,104124.36
,2026-03-25,7.09,7.34,7.09,7.28,7.08,0.2000000000000001,2.82,146211.69,105931.234
,2026-03-26,7.28,7.33,7.09,7.13,7.28,-0.1500000000000003,-2.06,103433.0,74267.129
,2026-03-27,7.06,7.21,7.03,7.17,7.13,0.04,0.56,85723.24,61360.832
,2026-03-30,7.07,7.24,7.0,7.22,7.17,0.0499999999999998,0.7,105005.22,74955.15
,2026-03-31,7.25,7.51,7.23,7.3,7.22,0.08,1.11,264524.63,194970.901
,2026-04-01,7.38,7.43,7.11,7.19,7.3,-0.1099999999999994,-1.51,248022.61,178171.068
,2026-04-02,7.13,7.19,6.99,7.05,7.19,-0.1400000000000005,-1.95,150588.43,106586.712
,2026-04-03,7.05,7.08,6.84,6.87,7.05,-0.1799999999999997,-2.55,105910.0,73172.7
,2026-04-07,6.87,7.0,6.83,6.96,6.87,0.0899999999999998,1.31,75777.0,52572.942
,2026-04-08,7.1,7.24,7.07,7.24,6.96,0.2800000000000002,4.02,131015.42,93911.82
,2026-04-09,7.18,7.2,7.02,7.03,7.24,-0.2099999999999999,-2.9,106647.26,75521.376
,2026-04-10,7.1,7.23,7.1,7.18,7.03,0.1499999999999994,2.13,129201.0,92778.941
,2026-04-13,7.12,7.21,7.11,7.16,7.18,-0.0199999999999995,-0.28,81272.02,58098.518
,2026-04-14,7.21,7.25,7.09,7.18,7.16,0.0199999999999995,0.28,93968.6,67281.12
,2026-04-15,7.24,7.25,7.13,7.15,7.18,-0.0299999999999993,-0.42,94714.0,68003.199
,2026-04-16,7.18,7.41,7.13,7.35,7.15,0.1999999999999993,2.8,172672.3,125784.001
,2026-04-17,7.34,7.48,7.24,7.36,7.35,0.0100000000000006,0.14,143856.2,105591.089
,2026-04-20,7.43,7.55,7.38,7.5,7.36,0.1399999999999996,1.9,139186.83,104327.141
,2026-04-21,7.52,7.61,7.36,7.42,7.5,-0.08,-1.07,112184.63,83405.36
,2026-04-22,7.4,7.69,7.33,7.6,7.42,0.1799999999999997,2.43,202645.2,152118.627
,2026-04-23,7.92,8.36,7.78,8.36,7.6,0.7599999999999998,10.0,987208.46,811260.081
,2026-04-24,9.09,9.2,9.07,9.2,8.36,0.8399999999999999,10.05,416170.6,381950.595
,2026-04-27,10.12,10.12,10.12,10.12,9.2,0.92,10.0,136211.23,137845.765
,2026-04-28,10.28,10.49,9.37,9.76,10.12,-0.3599999999999994,-3.56,2236437.82,2192647.18
,2026-04-29,9.67,10.74,9.54,9.76,9.76,0.0,0.0,2338912.61,2363640.625
,2026-04-30,9.85,10.08,9.11,9.19,9.76,-0.5700000000000003,-5.84,1859527.92,1772666.246
,2026-05-06,9.48,10.08,9.23,10.0,9.19,0.8100000000000005,8.81,2151132.47,2072522.274
,2026-05-07,9.98,10.25,9.79,9.9,10.0,-0.0999999999999996,-1.0,1696628.91,1694862.923
,2026-05-08,9.79,10.16,9.66,9.82,9.9,-0.08,-0.81,1155544.85,1145587.668
,2026-05-11,10.6,10.7,9.61,9.78,9.82,-0.040000000000000924,-0.41,1407111.03,1397249.509
