ts_code,date,open,high,low,close,pre_close,change,pct_chg,volume,amount
,2024-01-02,2.72,2.75,2.67,2.68,2.74,-0.06,-2.19,707243.5,190693.117
,2024-01-03,2.7,2.83,2.65,2.75,2.68,0.0699999999999998,2.61,1210738.04,332606.93
,2024-01-04,2.78,2.79,2.68,2.76,2.75,0.0099999999999997,0.36,910589.1,248522.388
,2024-01-05,2.75,2.77,2.6,2.62,2.76,-0.1399999999999996,-5.07,837845.15,223692.061
,2024-01-08,2.63,2.65,2.55,2.58,2.62,-0.04,-1.53,559927.0,145171.642
,2024-01-09,2.57,2.66,2.54,2.58,2.58,0.0,0.0,489676.66,127042.793
,2024-01-10,2.58,2.62,2.5,2.55,2.58,-0.0300000000000002,-1.16,418290.0,106920.409
,2024-01-11,2.51,2.62,2.51,2.61,2.55,0.06,2.35,512793.57,132015.595
,2024-01-12,2.6,2.64,2.55,2.56,2.61,-0.0499999999999998,-1.92,328066.65,85121.209
,2024-01-15,2.54,2.56,2.5,2.52,2.56,-0.04,-1.56,327220.05,82621.221
,2024-01-16,2.52,2.52,2.4,2.48,2.52,-0.04,-1.59,460431.21,112833.455
,2024-01-17,2.49,2.49,2.39,2.39,2.48,-0.0899999999999998,-3.63,293762.0,71283.634
,2024-01-18,2.38,2.39,2.3,2.37,2.39,-0.02,-0.84,326218.0,76541.58
,2024-01-19,2.37,2.4,2.34,2.34,2.37,-0.0300000000000002,-1.27,198251.0,46862.103
,2024-01-22,2.34,2.34,2.19,2.2,2.34,-0.1399999999999996,-5.98,312695.0,70701.719
,2024-01-23,2.2,2.25,2.17,2.23,2.2,0.0299999999999998,1.36,250511.0,55455.451
,2024-01-24,2.23,2.26,2.17,2.25,2.23,0.02,0.9,221926.0,49318.787
,2024-01-25,2.25,2.31,2.24,2.3,2.25,0.0499999999999998,2.22,271615.0,61837.799
,2024-01-26,2.3,2.33,2.28,2.29,2.3,-0.0099999999999997,-0.43,196803.0,45282.983
,2024-01-29,2.3,2.3,2.22,2.23,2.29,-0.06,-2.62,185134.0,41626.364
,2024-01-30,2.27,2.27,2.19,2.19,2.23,-0.04,-1.79,183687.0,40978.768
,2024-01-31,2.19,2.21,2.08,2.08,2.19,-0.1099999999999998,-5.02,235691.0,50387.322
,2024-02-01,2.07,2.11,2.04,2.04,2.08,-0.04,-1.92,210190.04,43425.644
,2024-02-02,2.04,2.07,1.85,1.94,2.04,-0.1,-4.9,362261.0,70987.351
,2024-02-05,1.92,1.93,1.75,1.76,1.94,-0.1799999999999999,-9.28,336900.76,60635.731
,2024-02-06,1.74,1.88,1.68,1.8,1.76,0.04,2.27,294561.0,52094.263
,2024-02-07,1.83,1.83,1.69,1.7,1.8,-0.1,-5.56,329378.02,57742.029
,2024-02-08,1.71,1.8,1.67,1.79,1.7,0.09,5.29,334390.01,58102.109
,2024-02-19,1.8,1.96,1.8,1.95,1.79,0.1599999999999999,8.94,388135.11,73834.44
,2024-02-20,2.15,2.15,2.05,2.15,1.95,0.1999999999999999,10.26,636054.55,135637.273
,2024-02-21,2.09,2.21,2.05,2.14,2.15,-0.0099999999999997,-0.47,837742.94,180450.496
,2024-02-22,2.09,2.18,2.06,2.14,2.14,0.0,0.0,405218.35,86276.985
,2024-02-23,2.16,2.28,2.12,2.25,2.14,0.1099999999999998,5.14,626107.0,136923.12
,2024-02-26,2.33,2.45,2.26,2.26,2.25,0.0099999999999997,0.44,773713.74,180931.572
,2024-02-27,2.19,2.31,2.18,2.29,2.26,0.0300000000000002,1.33,514502.0,115642.462
,2024-02-28,2.28,2.33,2.14,2.14,2.29,-0.1499999999999999,-6.55,558739.73,125530.243
,2024-02-29,2.11,2.21,2.1,2.19,2.14,0.0499999999999998,2.34,320891.0,69905.743
,2024-03-01,2.19,2.21,2.16,2.18,2.19,-0.0099999999999997,-0.46,329727.4,71978.248
,2024-03-04,2.2,2.21,2.15,2.19,2.18,0.0099999999999997,0.46,237750.74,51893.607
,2024-03-05,2.17,2.18,2.14,2.14,2.19,-0.0499999999999998,-2.28,194227.4,41861.712
,2024-03-06,2.12,2.35,2.12,2.35,2.14,0.2099999999999999,9.81,1232813.19,284275.944
,2024-03-07,2.39,2.5,2.25,2.25,2.35,-0.1,-4.26,1429787.45,339531.303
,2024-03-08,2.25,2.36,2.2,2.22,2.25,-0.0299999999999998,-1.33,694739.0,155694.288
,2024-03-11,2.21,2.28,2.2,2.24,2.22,0.02,0.9,496947.0,111128.972
,2024-03-12,2.23,2.28,2.22,2.24,2.24,0.0,0.0,466430.0,104554.305
,2024-03-13,2.24,2.28,2.22,2.27,2.24,0.0299999999999998,1.34,385062.0,86597.566
,2024-03-14,2.37,2.5,2.37,2.5,2.27,0.2299999999999999,10.13,1938293.19,481089.686
,2024-03-15,2.43,2.66,2.36,2.5,2.5,0.0,0.0,2495363.35,620035.858
,2024-03-18,2.42,2.47,2.38,2.44,2.5,-0.06,-2.4,1445673.85,349989.032
,2024-03-19,2.42,2.43,2.37,2.37,2.44,-0.0699999999999998,-2.87,771719.25,184341.489
,2024-03-20,2.38,2.42,2.35,2.4,2.37,0.0299999999999998,1.27,690881.16,164570.505
,2024-03-21,2.39,2.41,2.35,2.39,2.4,-0.0099999999999997,-0.42,466558.0,110784.514
,2024-03-22,2.38,2.39,2.35,2.35,2.39,-0.04,-1.67,352522.0,83208.453
,2024-03-25,2.36,2.39,2.3,2.3,2.35,-0.0500000000000002,-2.13,383257.0,90061.765
,2024-03-26,2.3,2.3,2.2,2.27,2.3,-0.0299999999999998,-1.3,539510.04,121538.178
,2024-03-27,2.27,2.27,2.18,2.18,2.27,-0.0899999999999998,-3.96,307318.04,68550.915
,2024-03-28,2.16,2.24,2.16,2.21,2.18,0.0299999999999998,1.38,284152.49,62741.696
,2024-03-29,2.22,2.23,2.19,2.22,2.21,0.0100000000000002,0.45,205814.53,45465.817
,2024-04-01,2.23,2.28,2.23,2.26,2.22,0.0399999999999995,1.8,284991.72,64307.057
,2024-04-02,2.25,2.3,2.24,2.3,2.26,0.04,1.77,362014.72,82405.19
,2024-04-03,2.29,2.3,2.24,2.25,2.3,-0.0499999999999998,-2.17,231014.72,52163.696
,2024-04-08,2.24,2.27,2.18,2.21,2.25,-0.04,-1.78,306831.3,68245.259
,2024-04-09,2.19,2.24,2.19,2.22,2.21,0.0100000000000002,0.45,183832.9,40624.746
,2024-04-10,2.21,2.24,2.17,2.22,2.22,0.0,0.0,252655.21,55520.637
,2024-04-11,2.2,2.24,2.2,2.21,2.22,-0.0100000000000002,-0.45,160411.0,35635.834
,2024-04-12,2.19,2.21,2.13,2.14,2.21,-0.0699999999999998,-3.17,210063.07,45521.959
,2024-04-15,2.12,2.13,1.98,2.01,2.14,-0.1300000000000003,-6.07,389824.0,79230.101
,2024-04-16,1.99,1.99,1.84,1.86,2.01,-0.1499999999999997,-7.46,341375.49,64817.251
,2024-04-17,1.88,1.96,1.88,1.96,1.86,0.0999999999999998,5.38,227833.06,44207.572
,2024-04-18,1.96,1.97,1.93,1.93,1.96,-0.03,-1.53,150592.37,29284.113
,2024-04-19,1.92,1.98,1.89,1.92,1.93,-0.01,-0.52,163419.0,31578.763
,2024-04-22,1.93,1.94,1.89,1.9,1.92,-0.02,-1.04,142971.0,27274.551
,2024-04-23,1.91,1.92,1.89,1.91,1.9,0.01,0.53,105303.0,20082.88
,2024-04-24,1.92,1.93,1.9,1.91,1.91,0.0,0.0,104082.24,19857.164
,2024-04-25,1.91,1.94,1.89,1.91,1.91,0.0,0.0,147848.24,28338.715
,2024-04-26,1.91,1.92,1.9,1.92,1.91,0.01,0.52,156714.0,29946.839
,2024-04-29,1.92,1.98,1.91,1.98,1.92,0.06,3.13,259619.0,50920.154
,2024-04-30,2.03,2.08,1.99,2.03,1.98,0.0499999999999998,2.53,298849.0,60507.095
,2024-05-06,2.06,2.1,2.03,2.05,2.03,0.02,0.99,215560.24,44184.672
,2024-05-07,2.04,2.05,2.02,2.04,2.05,-0.0099999999999997,-0.49,137264.43,27873.976
,2024-05-08,2.03,2.06,2.01,2.02,2.04,-0.02,-0.98,182190.0,37044.402
,2024-05-09,2.02,2.06,2.01,2.03,2.02,0.0099999999999997,0.5,144922.0,29566.223
,2024-05-10,2.03,2.1,2.02,2.07,2.03,0.04,1.97,301285.79,61946.57
,2024-05-13,2.06,2.07,2.02,2.03,2.07,-0.04,-1.93,186694.0,38025.76
,2024-05-14,2.03,2.06,2.02,2.05,2.03,0.02,0.99,160830.0,32861.534
,2024-05-15,2.05,2.05,2.01,2.01,2.05,-0.04,-1.95,161513.0,32684.896
,2024-05-16,2.01,2.03,2.0,2.0,2.01,-0.0099999999999997,-0.5,148271.0,29889.419
,2024-05-17,2.0,2.03,1.99,2.01,2.0,0.0099999999999997,0.5,177390.0,35571.066
,2024-05-20,2.01,2.02,1.85,1.92,2.01,-0.0899999999999998,-4.48,526811.0,102238.358
,2024-05-21,1.91,1.97,1.89,1.9,1.92,-0.02,-1.04,224451.0,43045.921
,2024-05-22,1.9,1.92,1.89,1.91,1.9,0.01,0.53,157620.0,30032.602
,2024-05-23,1.91,1.91,1.86,1.87,1.91,-0.0399999999999998,-2.09,189417.0,35523.067
,2024-05-24,1.89,1.92,1.87,1.89,1.87,0.0199999999999997,1.07,215456.04,40872.105
,2024-05-27,1.9,1.92,1.86,1.87,1.89,-0.0199999999999997,-1.06,168592.28,31672.692
,2024-05-28,1.86,1.93,1.85,1.91,1.87,0.0399999999999998,2.14,297883.0,56510.295
,2024-05-29,1.9,1.9,1.86,1.87,1.91,-0.0399999999999998,-2.09,236440.23,44397.67
,2024-05-30,1.87,1.88,1.79,1.8,1.87,-0.07,-3.74,317667.0,57867.815
,2024-05-31,1.79,1.88,1.79,1.85,1.8,0.05,2.78,287799.0,53277.08
,2024-06-03,1.84,1.86,1.76,1.77,1.85,-0.08,-4.32,289468.0,51865.738
,2024-06-04,1.76,1.81,1.72,1.79,1.77,0.02,1.13,315167.0,54983.642
,2024-06-05,1.78,1.79,1.7,1.72,1.79,-0.07,-3.91,230556.0,39903.452
,2024-06-06,1.7,1.71,1.55,1.55,1.72,-0.1699999999999999,-9.88,418317.99,66807.723
,2024-06-07,1.4,1.6,1.4,1.54,1.55,-0.01,-0.65,533726.68,80386.626
,2024-06-11,1.54,1.62,1.54,1.56,1.54,0.02,1.3,363741.0,57148.884
,2024-06-12,1.55,1.67,1.55,1.66,1.56,0.0999999999999998,6.41,459673.43,74821.301
,2024-06-13,1.64,1.67,1.59,1.6,1.66,-0.0599999999999998,-3.61,306480.83,49451.829
,2024-06-14,1.58,1.63,1.57,1.6,1.6,0.0,0.0,173150.83,27704.441
,2024-06-17,1.6,1.6,1.56,1.56,1.6,-0.04,-2.5,131842.0,20774.798
,2024-06-18,1.56,1.6,1.56,1.58,1.56,0.02,1.28,131593.56,20771.976
,2024-06-19,1.58,1.59,1.53,1.54,1.58,-0.04,-2.53,150860.0,23420.985
,2024-06-20,1.53,1.55,1.47,1.48,1.54,-0.06,-3.9,280797.0,41812.472
,2024-06-21,1.46,1.48,1.41,1.42,1.48,-0.06,-4.05,283353.0,40825.77
,2024-06-24,1.37,1.42,1.31,1.35,1.42,-0.0699999999999998,-4.93,427013.23,57862.566
,2024-06-25,1.36,1.39,1.33,1.35,1.35,0.0,0.0,211722.0,28810.255
,2024-06-26,1.34,1.38,1.31,1.37,1.35,0.02,1.48,221834.0,29762.671
,2024-06-27,1.37,1.41,1.33,1.34,1.37,-0.03,-2.19,263713.0,36176.678
,2024-06-28,1.33,1.37,1.32,1.33,1.34,-0.01,-0.75,229843.0,30928.264
,2024-07-01,1.34,1.38,1.34,1.37,1.33,0.04,3.01,186115.0,25349.872
,2024-07-02,1.38,1.51,1.36,1.46,1.37,0.0899999999999998,6.57,528749.48,77138.54
,2024-07-03,1.45,1.48,1.41,1.47,1.46,0.01,0.68,293849.0,42631.006
,2024-07-04,1.45,1.47,1.4,1.41,1.47,-0.06,-4.08,217826.0,31056.802
,2024-07-05,1.41,1.43,1.37,1.42,1.41,0.01,0.71,196094.0,27523.537
,2024-07-08,1.4,1.42,1.37,1.37,1.42,-0.0499999999999998,-3.52,170187.0,23607.458
,2024-07-09,1.37,1.38,1.33,1.38,1.37,0.0099999999999997,0.73,204287.7,27746.107
,2024-07-10,1.37,1.44,1.36,1.4,1.38,0.02,1.45,217979.74,30643.092
,2024-07-11,1.42,1.47,1.42,1.46,1.4,0.06,4.29,322184.0,46712.394
,2024-07-12,1.47,1.54,1.46,1.52,1.46,0.06,4.11,375031.0,55888.761
,2024-07-15,1.52,1.53,1.45,1.46,1.52,-0.06,-3.95,294040.0,43441.648
,2024-07-16,1.45,1.48,1.43,1.47,1.46,0.01,0.68,154934.0,22564.429
,2024-07-17,1.47,1.47,1.43,1.44,1.47,-0.03,-2.04,153683.0,22205.416
,2024-07-18,1.42,1.44,1.4,1.43,1.44,-0.01,-0.69,135902.0,19325.761
,2024-07-19,1.43,1.46,1.42,1.44,1.43,0.01,0.7,145071.0,20885.129
,2024-07-22,1.44,1.45,1.42,1.43,1.44,-0.01,-0.69,90096.64,12912.97
,2024-07-23,1.43,1.45,1.4,1.4,1.43,-0.03,-2.1,144498.0,20628.494
,2024-07-24,1.39,1.41,1.36,1.36,1.4,-0.0399999999999998,-2.86,160784.0,22134.492
,2024-07-25,1.36,1.42,1.35,1.41,1.36,0.0499999999999998,3.68,218315.04,30483.743
,2024-07-26,1.41,1.47,1.41,1.44,1.41,0.03,2.13,210858.0,30432.339
,2024-07-29,1.45,1.52,1.42,1.49,1.44,0.05,3.47,325765.0,48020.555
,2024-07-30,1.48,1.58,1.44,1.57,1.49,0.08,5.37,639484.04,96816.217
,2024-07-31,1.55,1.6,1.53,1.57,1.57,0.0,0.0,564613.04,88644.764
,2024-08-01,1.56,1.66,1.55,1.62,1.57,0.05,3.18,652036.79,104746.63
,2024-08-02,1.59,1.66,1.58,1.66,1.62,0.0399999999999998,2.47,603039.34,97862.471
,2024-08-05,1.64,1.74,1.63,1.63,1.66,-0.03,-1.81,661659.55,110777.372
,2024-08-06,1.63,1.68,1.6,1.63,1.63,0.0,0.0,467454.55,76404.314
,2024-08-07,1.64,1.68,1.6,1.65,1.63,0.02,1.23,446725.0,73085.43
,2024-08-08,1.63,1.65,1.59,1.6,1.65,-0.0499999999999998,-3.03,346589.43,55762.636
,2024-08-09,1.6,1.63,1.57,1.59,1.6,-0.01,-0.63,390664.0,62654.65
,2024-08-12,1.6,1.6,1.54,1.56,1.59,-0.03,-1.89,270876.0,42243.053
,2024-08-13,1.57,1.63,1.54,1.62,1.56,0.06,3.85,326685.0,52081.425
,2024-08-14,1.61,1.63,1.57,1.57,1.62,-0.05,-3.09,284322.0,45315.878
,2024-08-15,1.58,1.6,1.54,1.57,1.57,0.0,0.0,273778.01,43017.1
,2024-08-16,1.57,1.73,1.52,1.73,1.57,0.1599999999999999,10.19,1009476.7,166790.146
,2024-08-19,1.66,1.9,1.65,1.8,1.73,0.07,4.05,1350896.67,234515.582
,2024-08-20,1.75,1.76,1.68,1.73,1.8,-0.07,-3.89,812579.0,139441.373
,2024-08-21,1.7,1.71,1.66,1.67,1.73,-0.06,-3.47,406924.7,68132.692
,2024-08-22,1.65,1.69,1.62,1.63,1.67,-0.04,-2.4,342070.0,56441.254
,2024-08-23,1.62,1.67,1.61,1.66,1.63,0.03,1.84,406380.89,67210.125
,2024-08-26,1.64,1.72,1.57,1.66,1.66,0.0,0.0,453455.47,74999.958
,2024-08-27,1.66,1.67,1.63,1.67,1.66,0.01,0.6,267804.02,44240.023
,2024-08-28,1.68,1.7,1.64,1.65,1.67,-0.02,-1.2,280723.3,46973.225
,2024-08-29,1.64,1.74,1.62,1.69,1.65,0.04,2.42,449502.3,75190.94
,2024-08-30,1.68,1.73,1.67,1.72,1.69,0.03,1.78,444097.0,75863.091
,2024-09-02,1.75,1.8,1.72,1.76,1.72,0.04,2.33,595382.0,105129.692
,2024-09-03,1.75,1.79,1.74,1.76,1.76,0.0,0.0,335534.0,58955.509
,2024-09-04,1.77,1.84,1.74,1.82,1.76,0.06,3.41,607845.0,109584.57
,2024-09-05,1.83,1.96,1.8,1.87,1.82,0.05,2.75,974425.0,182725.425
,2024-09-06,1.85,1.98,1.82,1.91,1.87,0.0399999999999998,2.14,908384.9,174164.36
,2024-09-09,1.86,1.87,1.72,1.73,1.91,-0.1799999999999999,-9.42,1036074.9,183380.061
,2024-09-10,1.69,1.77,1.69,1.74,1.73,0.01,0.58,437603.0,75846.132
,2024-09-11,1.71,1.72,1.68,1.69,1.74,-0.05,-2.87,370530.0,62785.245
,2024-09-12,1.69,1.75,1.69,1.71,1.69,0.02,1.18,383012.65,65812.444
,2024-09-13,1.72,1.73,1.66,1.67,1.71,-0.04,-2.34,291638.0,49238.942
,2024-09-18,1.67,1.67,1.59,1.61,1.67,-0.0599999999999998,-3.59,303304.0,49178.078
,2024-09-19,1.63,1.69,1.61,1.69,1.61,0.0799999999999998,4.97,272200.0,45147.562
,2024-09-20,1.68,1.7,1.65,1.66,1.69,-0.03,-1.78,181765.0,30195.141
,2024-09-23,1.67,1.68,1.63,1.65,1.66,-0.01,-0.6,207527.0,34231.888
,2024-09-24,1.66,1.72,1.65,1.71,1.65,0.06,3.64,348913.0,58976.716
,2024-09-25,1.73,1.82,1.72,1.75,1.71,0.04,2.34,509695.77,90282.409
,2024-09-26,1.74,1.9,1.73,1.84,1.75,0.09,5.14,750728.51,136438.102
,2024-09-27,1.87,1.94,1.84,1.91,1.84,0.0699999999999998,3.8,892353.0,168112.784
,2024-09-30,1.96,2.09,1.92,2.07,1.91,0.1599999999999999,8.38,1410023.97,283731.458
,2024-10-08,2.27,2.28,2.06,2.18,2.07,0.1100000000000003,5.31,1529200.86,332018.103
,2024-10-09,2.17,2.17,1.96,1.96,2.18,-0.2200000000000002,-10.09,983947.1,198229.169
,2024-10-10,1.94,2.16,1.94,2.16,1.96,0.2000000000000001,10.2,1191837.6,250527.345
,2024-10-11,2.22,2.38,2.16,2.38,2.16,0.2199999999999997,10.19,2794107.13,647202.576
,2024-10-14,2.59,2.59,2.3,2.49,2.38,0.1100000000000003,4.62,3275528.32,805211.412
,2024-10-15,2.36,2.74,2.36,2.72,2.49,0.2299999999999999,9.24,2889124.41,747864.208
,2024-10-16,2.63,2.64,2.5,2.53,2.72,-0.1900000000000004,-6.99,2067336.16,528596.341
,2024-10-17,2.56,2.6,2.4,2.46,2.53,-0.0699999999999998,-2.77,1928978.12,476237.167
,2024-10-18,2.42,2.48,2.34,2.45,2.46,-0.0099999999999997,-0.41,1395734.04,338613.545
,2024-10-21,2.43,2.46,2.38,2.39,2.45,-0.06,-2.45,1000056.0,240857.812
,2024-10-22,2.42,2.63,2.4,2.6,2.39,0.2099999999999999,8.79,2323497.07,594310.552
,2024-10-23,2.53,2.54,2.46,2.47,2.6,-0.1299999999999999,-5.0,1464077.84,364160.224
,2024-10-24,2.46,2.47,2.41,2.42,2.47,-0.0500000000000002,-2.02,705268.89,171145.393
,2024-10-25,2.42,2.51,2.42,2.45,2.42,0.0300000000000002,1.24,807724.65,198955.925
,2024-10-28,2.46,2.58,2.44,2.58,2.45,0.1299999999999999,5.31,1255108.45,318899.238
,2024-10-29,2.6,2.74,2.54,2.59,2.58,0.0099999999999997,0.39,1857345.0,489606.355
,2024-10-30,2.53,2.61,2.51,2.54,2.59,-0.0499999999999998,-1.93,968915.03,246901.274
,2024-10-31,2.53,2.62,2.5,2.54,2.54,0.0,0.0,1350391.35,345484.022
,2024-11-01,2.52,2.55,2.38,2.47,2.54,-0.0699999999999998,-2.76,1246046.56,303781.99
,2024-11-04,2.43,2.49,2.37,2.44,2.47,-0.0300000000000002,-1.21,577618.58,139752.504
,2024-11-05,2.42,2.58,2.4,2.55,2.44,0.1099999999999998,4.51,1138546.86,288476.062
,2024-11-06,2.55,2.63,2.54,2.58,2.55,0.0300000000000002,1.18,1044935.34,269439.459
,2024-11-07,2.57,2.72,2.53,2.66,2.58,0.08,3.1,1290981.02,341747.998
,2024-11-08,2.72,2.77,2.65,2.68,2.66,0.02,0.75,1049982.89,283785.281
,2024-11-11,2.68,2.95,2.67,2.95,2.68,0.27,10.07,1813097.13,524580.595
,2024-11-12,3.07,3.11,2.83,2.87,2.95,-0.08,-2.71,2315290.58,677132.739
,2024-11-13,2.85,2.86,2.69,2.76,2.87,-0.1100000000000003,-3.83,1088453.04,300858.591
,2024-11-14,2.77,2.8,2.61,2.63,2.76,-0.1299999999999999,-4.71,762054.55,205034.785
,2024-11-15,2.64,2.66,2.54,2.54,2.63,-0.0899999999999998,-3.42,631071.0,164408.736
,2024-11-18,2.54,2.59,2.43,2.44,2.54,-0.1,-3.94,648322.0,160288.74
,2024-11-19,2.45,2.51,2.41,2.51,2.44,0.0699999999999998,2.87,562017.65,138403.068
,2024-11-20,2.53,2.63,2.48,2.62,2.51,0.1100000000000003,4.38,702763.0,181354.093
,2024-11-21,2.62,2.64,2.57,2.59,2.62,-0.0300000000000002,-1.15,539682.0,139915.524
,2024-11-22,2.56,2.85,2.55,2.74,2.59,0.1500000000000003,5.79,2144702.0,588619.987
,2024-11-25,2.68,2.74,2.49,2.57,2.74,-0.1700000000000003,-6.2,1700656.64,436283.841
,2024-11-26,2.54,2.62,2.5,2.5,2.57,-0.0699999999999998,-2.72,720566.71,183399.529
,2024-11-27,2.51,2.56,2.41,2.55,2.5,0.0499999999999998,2.0,582626.19,145490.313
,2024-11-28,2.56,2.67,2.54,2.6,2.55,0.0500000000000002,1.96,768760.95,200145.878
,2024-11-29,2.6,2.69,2.56,2.67,2.6,0.0699999999999998,2.69,903395.54,238518.636
,2024-12-02,2.68,2.8,2.66,2.8,2.67,0.1299999999999999,4.87,1126229.55,311137.565
,2024-12-03,2.81,2.9,2.73,2.76,2.8,-0.04,-1.43,1127600.0,315114.468
,2024-12-04,2.73,2.85,2.69,2.71,2.76,-0.0499999999999998,-1.81,861246.03,238534.121
,2024-12-05,2.69,2.84,2.66,2.82,2.71,0.1099999999999998,4.06,956680.54,266077.247
,2024-12-06,2.84,2.95,2.81,2.93,2.82,0.1100000000000003,3.9,1456209.27,421876.235
,2024-12-09,2.96,3.0,2.83,2.89,2.93,-0.04,-1.37,1058966.68,307273.569
,2024-12-10,2.95,2.99,2.84,2.85,2.89,-0.04,-1.38,1186330.69,343989.008
,2024-12-11,2.82,3.05,2.81,2.99,2.85,0.1400000000000001,4.91,1638993.49,484101.051
,2024-12-12,2.98,3.04,2.86,2.99,2.99,0.0,0.0,1512496.29,443627.919
,2024-12-13,2.95,3.25,2.95,3.05,2.99,0.0599999999999996,2.01,2410462.39,749409.199
,2024-12-16,2.97,3.3,2.96,3.14,3.05,0.0900000000000003,2.95,2100124.47,651865.313
,2024-12-17,3.09,3.09,2.84,2.9,3.14,-0.2400000000000002,-7.64,1464677.47,429944.308
,2024-12-18,2.9,2.93,2.82,2.84,2.9,-0.06,-2.07,730992.38,209463.901
,2024-12-19,2.79,3.12,2.77,3.12,2.84,0.2800000000000002,9.86,1898442.27,586114.291
,2024-12-20,3.12,3.16,2.98,2.98,3.12,-0.1400000000000001,-4.49,2180320.14,667591.553
,2024-12-23,2.97,2.98,2.7,2.71,2.98,-0.27,-9.06,1494103.08,420139.508
,2024-12-24,2.71,2.78,2.65,2.71,2.71,0.0,0.0,729890.03,198143.195
,2024-12-25,2.72,2.83,2.67,2.74,2.71,0.0300000000000002,1.11,773535.03,212933.51
,2024-12-26,2.71,2.75,2.68,2.7,2.74,-0.04,-1.46,529847.0,143196.259
,2024-12-27,2.7,2.76,2.65,2.71,2.7,0.0099999999999997,0.37,508185.2,138497.487
,2024-12-30,2.63,2.64,2.5,2.53,2.71,-0.1800000000000001,-6.64,789518.0,200452.434
,2024-12-31,2.55,2.6,2.48,2.52,2.53,-0.0099999999999997,-0.4,454415.0,115214.846
,2025-01-02,2.52,2.56,2.42,2.43,2.52,-0.0899999999999998,-3.57,463626.0,114914.72
,2025-01-03,2.43,2.48,2.27,2.28,2.43,-0.1500000000000003,-6.17,622568.3,145307.063
,2025-01-06,2.28,2.3,2.15,2.16,2.28,-0.1199999999999996,-5.26,607596.0,133934.782
,2025-01-07,2.16,2.34,2.16,2.31,2.16,0.1499999999999999,6.94,695263.0,156520.136
,2025-01-08,2.31,2.32,2.2,2.3,2.31,-0.0100000000000002,-0.43,469155.21,106420.153
,2025-01-09,2.27,2.34,2.26,2.3,2.3,0.0,0.0,330713.0,76157.158
,2025-01-10,2.3,2.31,2.2,2.22,2.3,-0.0799999999999996,-3.48,327640.0,73894.225
,2025-01-13,2.18,2.26,2.16,2.22,2.22,0.0,0.0,279144.0,61776.114
,2025-01-14,2.23,2.32,2.22,2.31,2.22,0.0899999999999998,4.05,386868.0,88133.827
,2025-01-15,2.31,2.32,2.25,2.27,2.31,-0.04,-1.73,299909.0,68308.161
,2025-01-16,2.29,2.37,2.28,2.32,2.27,0.0499999999999998,2.2,432315.0,100570.431
,2025-01-17,2.31,2.37,2.28,2.32,2.32,0.0,0.0,407716.0,94922.806
,2025-01-20,2.34,2.36,2.29,2.3,2.32,-0.02,-0.86,252470.0,58393.928
,2025-01-21,2.3,2.32,2.24,2.26,2.3,-0.04,-1.74,239812.56,54342.37
,2025-01-22,2.28,2.28,2.22,2.23,2.26,-0.0299999999999998,-1.33,212824.44,47701.164
,2025-01-23,2.25,2.33,2.21,2.21,2.23,-0.02,-0.9,374846.04,84914.566
,2025-01-24,2.21,2.23,2.18,2.2,2.21,-0.0099999999999997,-0.45,246756.0,54288.541
,2025-01-27,2.23,2.42,2.23,2.42,2.2,0.2199999999999997,10.0,1205477.0,284621.104
,2025-02-05,2.42,2.53,2.42,2.45,2.42,0.0300000000000002,1.24,1146230.0,282850.047
,2025-02-06,2.46,2.5,2.42,2.47,2.45,0.02,0.82,664334.0,162866.263
,2025-02-07,2.46,2.56,2.46,2.5,2.47,0.0299999999999998,1.21,679050.0,170758.125
,2025-02-10,2.5,2.55,2.5,2.53,2.5,0.0299999999999998,1.2,497544.0,125428.802
,2025-02-11,2.53,2.53,2.48,2.48,2.53,-0.0499999999999998,-1.98,420111.0,104823.424
,2025-02-12,2.47,2.51,2.46,2.5,2.48,0.02,0.81,309185.0,76720.879
,2025-02-13,2.49,2.52,2.48,2.49,2.5,-0.0099999999999997,-0.4,366012.6,91568.252
,2025-02-14,2.48,2.51,2.41,2.43,2.49,-0.06,-2.41,418652.0,102112.692
,2025-02-17,2.42,2.53,2.41,2.48,2.43,0.0499999999999998,2.06,564873.08,139838.786
,2025-02-18,2.47,2.49,2.37,2.38,2.48,-0.1,-4.03,448601.08,108626.727
,2025-02-19,2.39,2.42,2.37,2.4,2.38,0.02,0.84,340661.3,81444.514
,2025-02-20,2.41,2.44,2.39,2.4,2.4,0.0,0.0,372338.8,89909.857
,2025-02-21,2.48,2.64,2.47,2.5,2.4,0.1,4.17,1274999.22,324409.931
,2025-02-24,2.46,2.49,2.4,2.45,2.5,-0.0499999999999998,-2.0,758993.0,185516.634
,2025-02-25,2.42,2.46,2.39,2.41,2.45,-0.04,-1.63,520783.0,126614.859
,2025-02-26,2.41,2.46,2.39,2.42,2.41,0.0099999999999997,0.41,472721.0,114279.178
,2025-02-27,2.42,2.45,2.39,2.42,2.42,0.0,0.0,451245.29,109147.69
,2025-02-28,2.41,2.42,2.32,2.32,2.42,-0.1,-4.13,419518.0,99106.881
,2025-03-03,2.31,2.36,2.29,2.33,2.32,0.0100000000000002,0.43,298612.39,69707.042
,2025-03-04,2.34,2.34,2.31,2.34,2.33,0.0099999999999997,0.43,189416.0,44087.091
,2025-03-05,2.33,2.33,2.26,2.32,2.34,-0.02,-0.85,330570.39,75862.158
,2025-03-06,2.32,2.33,2.29,2.32,2.32,0.0,0.0,306704.43,70813.405
,2025-03-07,2.31,2.36,2.29,2.3,2.32,-0.02,-0.86,357552.0,82957.846
,2025-03-10,2.29,2.32,2.28,2.29,2.3,-0.0099999999999997,-0.43,212022.0,48551.518
,2025-03-11,2.28,2.33,2.25,2.33,2.29,0.04,1.75,293748.43,67455.642
,2025-03-12,2.35,2.38,2.34,2.37,2.33,0.04,1.72,403884.61,95373.083
,2025-03-13,2.38,2.51,2.36,2.47,2.37,0.1,4.22,1090663.89,268854.499
,2025-03-14,2.45,2.53,2.4,2.51,2.47,0.0399999999999995,1.62,876098.43,216204.955
,2025-03-17,2.51,2.55,2.48,2.49,2.51,-0.0199999999999995,-0.8,691309.8,173833.444
,2025-03-18,2.48,2.5,2.45,2.46,2.49,-0.0300000000000002,-1.2,412822.09,101876.055
,2025-03-19,2.47,2.48,2.44,2.45,2.46,-0.0099999999999997,-0.41,296091.04,72848.424
,2025-03-20,2.44,2.46,2.42,2.43,2.45,-0.02,-0.82,278807.77,67917.23
,2025-03-21,2.43,2.5,2.4,2.46,2.43,0.0299999999999998,1.23,536960.0,131560.838
,2025-03-24,2.46,2.57,2.37,2.55,2.46,0.0899999999999998,3.66,836637.65,207002.276
,2025-03-25,2.53,2.53,2.41,2.42,2.55,-0.1299999999999999,-5.1,726382.65,178674.413
,2025-03-26,2.39,2.41,2.35,2.36,2.42,-0.06,-2.48,446809.0,106281.57
,2025-03-27,2.34,2.35,2.31,2.31,2.36,-0.0499999999999998,-2.12,362905.0,84335.151
,2025-03-28,2.34,2.34,2.29,2.29,2.31,-0.02,-0.87,235414.0,54288.731
,2025-03-31,2.27,2.33,2.26,2.3,2.29,0.0099999999999997,0.44,210277.0,48347.242
,2025-04-01,2.31,2.35,2.31,2.34,2.3,0.04,1.74,250008.65,58344.466
,2025-04-02,2.34,2.34,2.31,2.31,2.34,-0.0299999999999998,-1.28,150212.0,34926.712
,2025-04-03,2.32,2.34,2.31,2.32,2.31,0.0099999999999997,0.43,165601.0,38481.042
,2025-04-07,2.22,2.22,2.09,2.09,2.32,-0.2299999999999999,-9.91,397682.74,84394.266
,2025-04-08,1.98,2.07,1.98,2.02,2.09,-0.0699999999999998,-3.35,385587.2,77772.143
,2025-04-09,2.0,2.08,1.83,2.06,2.02,0.04,1.98,420634.19,82631.374
,2025-04-10,2.09,2.15,2.07,2.13,2.06,0.0699999999999998,3.4,313687.04,66697.616
,2025-04-11,2.12,2.15,2.1,2.13,2.13,0.0,0.0,176252.2,37518.915
,2025-04-14,2.14,2.17,2.14,2.15,2.13,0.02,0.94,244988.0,52718.176
,2025-04-15,2.15,2.16,2.12,2.14,2.15,-0.0099999999999997,-0.47,160487.0,34326.44
,2025-04-16,2.14,2.15,2.05,2.09,2.14,-0.0500000000000002,-2.34,238400.0,50080.49
,2025-04-17,2.07,2.15,2.06,2.1,2.09,0.0100000000000002,0.48,193604.0,40780.046
,2025-04-18,2.13,2.26,2.13,2.15,2.1,0.0499999999999998,2.38,384861.12,83821.444
,2025-04-21,2.1,2.15,2.1,2.14,2.15,-0.0099999999999997,-0.47,260087.12,55464.404
,2025-04-22,2.14,2.17,2.13,2.15,2.14,0.0099999999999997,0.47,159196.0,34148.532
,2025-04-23,2.16,2.19,2.15,2.16,2.15,0.0100000000000002,0.47,168069.2,36316.303
,2025-04-24,2.16,2.2,2.14,2.18,2.16,0.02,0.93,283148.0,61599.887
,2025-04-25,2.17,2.22,2.15,2.21,2.18,0.0299999999999998,1.38,317840.26,69776.601
,2025-04-28,2.21,2.22,2.13,2.16,2.21,-0.0499999999999998,-2.26,303344.0,65790.5
,2025-04-29,2.16,2.18,2.14,2.15,2.16,-0.0100000000000002,-0.46,180425.0,38870.108
,2025-04-30,2.16,2.18,2.15,2.16,2.15,0.0100000000000002,0.47,212582.0,45930.751
,2025-05-06,2.17,2.25,2.16,2.25,2.16,0.0899999999999998,4.17,447685.28,99281.916
,2025-05-07,2.26,2.29,2.23,2.25,2.25,0.0,0.0,322382.0,72492.474
,2025-05-08,2.24,2.3,2.24,2.28,2.25,0.0299999999999998,1.33,267279.26,60845.048
,2025-05-09,2.29,2.29,2.24,2.24,2.28,-0.0399999999999995,-1.75,211073.0,47701.039
,2025-05-12,2.25,2.27,2.22,2.25,2.24,0.0099999999999997,0.45,189707.0,42591.8
,2025-05-13,2.28,2.32,2.24,2.24,2.25,-0.0099999999999997,-0.44,271261.0,61626.085
,2025-05-14,2.24,2.27,2.23,2.26,2.24,0.0199999999999995,0.89,164271.0,37085.644
,2025-05-15,2.26,2.26,2.22,2.23,2.26,-0.0299999999999998,-1.33,172800.0,38733.44
,2025-05-16,2.22,2.26,2.22,2.23,2.23,0.0,0.0,155328.08,34747.789
,2025-05-19,2.23,2.27,2.21,2.27,2.23,0.04,1.79,302074.08,67931.271
,2025-05-20,2.26,2.3,2.25,2.28,2.27,0.0099999999999997,0.44,232365.0,52894.958
,2025-05-21,2.27,2.32,2.26,2.28,2.28,0.0,0.0,303795.0,69330.88
,2025-05-22,2.3,2.49,2.29,2.43,2.28,0.1500000000000003,6.58,1593690.03,381774.005
,2025-05-23,2.39,2.46,2.34,2.4,2.43,-0.0300000000000002,-1.23,986656.0,236809.032
,2025-05-26,2.38,2.49,2.37,2.48,2.4,0.08,3.33,987622.59,241917.522
,2025-05-27,2.48,2.51,2.45,2.47,2.48,-0.0099999999999997,-0.4,733606.59,181751.302
,2025-05-28,2.46,2.5,2.43,2.44,2.47,-0.0300000000000002,-1.21,653431.6,160866.153
,2025-05-29,2.44,2.62,2.43,2.54,2.44,0.1,4.1,1113590.32,280778.276
,2025-05-30,2.57,2.58,2.46,2.49,2.54,-0.0499999999999998,-1.97,824239.0,207197.836
,2025-06-03,2.47,2.52,2.43,2.46,2.49,-0.0300000000000002,-1.2,625425.59,154097.428
,2025-06-04,2.45,2.47,2.4,2.42,2.46,-0.04,-1.63,590436.0,143148.643
,2025-06-05,2.44,2.45,2.38,2.39,2.42,-0.0299999999999998,-1.24,473554.0,113520.841
,2025-06-06,2.4,2.43,2.37,2.39,2.39,0.0,0.0,348666.0,83569.087
,2025-06-09,2.38,2.41,2.38,2.4,2.39,0.0099999999999997,0.42,494285.04,118289.192
,2025-06-10,2.4,2.42,2.32,2.37,2.4,-0.0299999999999998,-1.25,549331.0,130191.739
,2025-06-11,2.36,2.42,2.36,2.37,2.37,0.0,0.0,384524.0,91491.17
,2025-06-12,2.36,2.4,2.34,2.39,2.37,0.02,0.84,436881.0,103667.45
,2025-06-13,2.38,2.38,2.3,2.31,2.39,-0.08,-3.35,417272.0,97237.606
,2025-06-16,2.29,2.32,2.28,2.31,2.31,0.0,0.0,229819.0,52955.32
,2025-06-17,2.31,2.35,2.3,2.34,2.31,0.0299999999999998,1.3,305150.0,70946.295
,2025-06-18,2.32,2.4,2.31,2.37,2.34,0.0300000000000002,1.28,435345.0,102955.924
,2025-06-19,2.36,2.36,2.26,2.26,2.37,-0.1100000000000003,-4.64,411763.0,94593.105
,2025-06-20,2.26,2.29,2.25,2.25,2.26,-0.0099999999999997,-0.44,187789.04,42538.708
,2025-06-23,2.22,2.28,2.21,2.27,2.25,0.02,0.89,205183.0,46348.224
,2025-06-24,2.27,2.39,2.27,2.36,2.27,0.0899999999999998,3.96,460454.38,108174.84
,2025-06-25,2.37,2.39,2.33,2.36,2.36,0.0,0.0,369921.0,86887.763
,2025-06-26,2.35,2.37,2.31,2.33,2.36,-0.0299999999999998,-1.27,267296.0,62607.091
,2025-06-27,2.34,2.42,2.32,2.34,2.33,0.0099999999999997,0.43,485599.0,114560.24
,2025-06-30,2.34,2.36,2.32,2.35,2.34,0.0100000000000002,0.43,322234.0,75456.739
,2025-07-01,2.34,2.36,2.32,2.35,2.35,0.0,0.0,259285.4,60656.711
,2025-07-02,2.34,2.35,2.32,2.33,2.35,-0.02,-0.85,255968.0,59642.278
,2025-07-03,2.33,2.36,2.31,2.36,2.33,0.0299999999999998,1.29,429157.0,100469.736
,2025-07-04,2.36,2.38,2.32,2.32,2.36,-0.04,-1.69,346960.0,81221.397
,2025-07-07,2.33,2.42,2.32,2.42,2.32,0.1,4.31,1054397.24,252183.608
,2025-07-08,2.42,2.44,2.36,2.43,2.42,0.0100000000000002,0.41,919162.67,221431.714
,2025-07-09,2.43,2.46,2.4,2.41,2.43,-0.02,-0.82,617288.96,149741.649
,2025-07-10,2.42,2.42,2.38,2.39,2.41,-0.02,-0.83,358182.0,85887.975
,2025-07-11,2.4,2.41,2.35,2.38,2.39,-0.0100000000000002,-0.42,448939.0,106454.687
,2025-07-14,2.37,2.41,2.36,2.37,2.38,-0.0099999999999997,-0.42,451507.0,107398.346
,2025-07-15,2.36,2.37,2.27,2.28,2.37,-0.0900000000000003,-3.8,704926.04,162448.73
,2025-07-16,2.29,2.3,2.26,2.29,2.28,0.0100000000000002,0.44,288902.0,65979.975
,2025-07-17,2.28,2.31,2.28,2.29,2.29,0.0,0.0,237428.0,54414.681
,2025-07-18,2.29,2.31,2.29,2.3,2.29,0.0099999999999997,0.44,200735.0,46119.684
,2025-07-21,2.3,2.37,2.29,2.35,2.3,0.0500000000000002,2.17,527222.0,123556.646
,2025-07-22,2.36,2.37,2.32,2.36,2.35,0.0099999999999997,0.43,419870.0,98439.17
,2025-07-23,2.36,2.38,2.3,2.3,2.36,-0.06,-2.54,396211.8,92683.792
,2025-07-24,2.31,2.36,2.31,2.35,2.3,0.0500000000000002,2.17,440544.16,103304.852
,2025-07-25,2.36,2.36,2.32,2.35,2.35,0.0,0.0,298152.0,69712.325
,2025-07-28,2.34,2.35,2.31,2.31,2.35,-0.04,-1.7,304193.0,70553.539
,2025-07-29,2.3,2.32,2.28,2.3,2.31,-0.0100000000000002,-0.43,241529.0,55375.18
,2025-07-30,2.29,2.3,2.27,2.28,2.3,-0.02,-0.87,266308.0,60851.209
,2025-07-31,2.28,2.28,2.25,2.25,2.28,-0.0299999999999998,-1.32,266642.91,60268.134
,2025-08-01,2.25,2.27,2.24,2.27,2.25,0.02,0.89,157297.03,35591.615
,2025-08-04,2.26,2.29,2.25,2.29,2.27,0.02,0.88,164599.88,37414.279
,2025-08-05,2.3,2.31,2.28,2.3,2.29,0.0099999999999997,0.44,217480.04,49902.461
,2025-08-06,2.3,2.37,2.29,2.34,2.3,0.04,1.74,475945.0,111053.879
,2025-08-07,2.34,2.38,2.32,2.33,2.34,-0.0099999999999997,-0.43,311539.0,73142.012
,2025-08-08,2.34,2.34,2.3,2.31,2.33,-0.02,-0.86,229338.0,53185.087
,2025-08-11,2.32,2.35,2.32,2.33,2.31,0.02,0.87,258793.0,60459.692
,2025-08-12,2.34,2.35,2.31,2.32,2.33,-0.0100000000000002,-0.43,214556.0,49843.573
,2025-08-13,2.33,2.35,2.31,2.33,2.32,0.0100000000000002,0.43,302888.01,70536.0
,2025-08-14,2.33,2.35,2.28,2.29,2.33,-0.04,-1.72,371401.0,85696.924
,2025-08-15,2.29,2.33,2.29,2.31,2.29,0.02,0.87,301533.09,69608.749
,2025-08-18,2.33,2.46,2.31,2.41,2.31,0.1,4.33,1060888.05,255529.687
,2025-08-19,2.41,2.42,2.38,2.4,2.41,-0.0100000000000002,-0.41,439361.08,105390.445
,2025-08-20,2.4,2.45,2.39,2.42,2.4,0.02,0.83,470937.54,113647.815
,2025-08-21,2.41,2.44,2.4,2.43,2.42,0.0100000000000002,0.41,437706.0,105982.476
,2025-08-22,2.42,2.43,2.38,2.41,2.43,-0.02,-0.82,383845.22,92206.95
,2025-08-25,2.42,2.47,2.39,2.44,2.41,0.0299999999999998,1.24,590311.0,143665.959
,2025-08-26,2.44,2.49,2.42,2.48,2.44,0.04,1.64,576050.0,141630.355
,2025-08-27,2.5,2.73,2.49,2.66,2.48,0.1800000000000001,7.26,3449270.62,933058.227
,2025-08-28,2.93,2.93,2.93,2.93,2.66,0.27,10.15,487654.25,142882.695
,2025-08-29,3.22,3.22,3.22,3.22,2.93,0.29,9.9,321986.04,103679.505
,2025-09-01,3.25,3.54,3.22,3.54,3.22,0.3199999999999998,9.94,4021928.68,1376357.637
,2025-09-02,3.89,3.89,3.7,3.89,3.54,0.3500000000000001,9.89,1613390.92,626240.652
,2025-09-03,3.9,3.99,3.5,3.52,3.89,-0.3700000000000001,-9.51,6549325.54,2412485.982
,2025-09-04,3.35,3.38,3.17,3.17,3.52,-0.3500000000000001,-9.94,2569120.06,821531.975
,2025-09-05,2.9,3.02,2.85,2.95,3.17,-0.2199999999999997,-6.94,4479770.14,1306014.733
,2025-09-08,2.97,3.04,2.88,2.91,2.95,-0.04,-1.36,2691420.47,792983.887
,2025-09-09,2.89,2.93,2.8,2.82,2.91,-0.0900000000000003,-3.09,2022576.23,575687.259
,2025-09-10,2.8,2.85,2.78,2.81,2.82,-0.0099999999999997,-0.35,1299177.47,365181.064
,2025-09-11,2.81,2.9,2.75,2.87,2.81,0.06,2.14,1612794.68,457165.045
,2025-09-12,2.91,3.16,2.89,3.16,2.87,0.29,10.1,2012482.88,610571.37
,2025-09-15,3.2,3.35,3.15,3.27,3.16,0.1099999999999998,3.48,3884725.1,1257023.106
,2025-09-16,3.25,3.33,3.17,3.24,3.27,-0.0299999999999998,-0.92,2278729.48,732938.21
,2025-09-17,3.26,3.29,3.18,3.25,3.24,0.0099999999999997,0.31,1707527.71,555042.3
,2025-09-18,3.31,3.37,3.2,3.29,3.25,0.04,1.23,2348448.59,770911.075
,2025-09-19,3.31,3.33,3.11,3.11,3.29,-0.1800000000000001,-5.47,1695109.45,536246.354
,2025-09-22,3.11,3.13,2.99,3.02,3.11,-0.0899999999999998,-2.89,1234295.12,375173.527
,2025-09-23,3.03,3.08,2.95,3.06,3.02,0.04,1.32,1296026.21,389677.287
,2025-09-24,3.04,3.06,2.97,3.04,3.06,-0.02,-0.65,856475.57,258105.752
,2025-09-25,3.03,3.22,2.99,3.14,3.04,0.1,3.29,1534058.36,476275.586
,2025-09-26,3.09,3.21,3.06,3.1,3.14,-0.04,-1.27,1284222.51,405098.152
,2025-09-29,3.08,3.13,3.0,3.1,3.1,0.0,0.0,923975.64,284569.005
,2025-09-30,3.15,3.15,3.06,3.12,3.1,0.02,0.65,874302.51,270671.495
,2025-10-09,3.14,3.27,3.12,3.2,3.12,0.08,2.56,1352707.78,433342.209
,2025-10-10,3.18,3.21,3.11,3.15,3.2,-0.0500000000000002,-1.56,987634.0,312016.797
,2025-10-13,3.02,3.15,2.94,3.15,3.15,0.0,0.0,832545.34,254741.634
,2025-10-14,3.15,3.24,3.05,3.07,3.15,-0.08,-2.54,1050821.89,330255.528
,2025-10-15,3.08,3.2,3.08,3.19,3.07,0.1200000000000001,3.91,1202742.93,380170.83
,2025-10-16,3.2,3.23,2.99,3.0,3.19,-0.1899999999999999,-5.96,1555115.0,474922.907
,2025-10-17,3.02,3.14,2.91,2.92,3.0,-0.08,-2.67,1147161.0,345885.326
,2025-10-20,2.95,2.99,2.92,2.97,2.92,0.0500000000000002,1.71,751360.23,222223.915
,2025-10-21,2.97,3.05,2.97,3.04,2.97,0.0699999999999998,2.36,749935.23,226950.107
,2025-10-22,3.02,3.05,2.99,3.03,3.04,-0.0100000000000002,-0.33,563644.0,170539.448
,2025-10-23,3.03,3.05,2.97,3.04,3.03,0.0100000000000002,0.33,549885.0,165485.143
,2025-10-24,3.04,3.2,2.99,3.16,3.04,0.1200000000000001,3.95,1586571.0,492294.037
,2025-10-27,3.09,3.12,2.98,3.0,3.16,-0.1600000000000001,-5.06,1832774.32,553010.692
,2025-10-28,3.0,3.01,2.95,2.96,3.0,-0.04,-1.33,732646.04,217416.335
,2025-10-29,2.96,2.98,2.91,2.97,2.96,0.0100000000000002,0.34,539463.99,158762.421
,2025-10-30,2.98,2.98,2.93,2.94,2.97,-0.0300000000000002,-1.01,422206.0,124468.97
,2025-10-31,2.92,2.97,2.91,2.96,2.94,0.02,0.68,511613.96,151014.031
,2025-11-03,2.96,3.15,2.96,3.09,2.96,0.1299999999999999,4.39,1360587.0,415109.044
,2025-11-04,3.11,3.25,3.1,3.22,3.09,0.1300000000000003,4.21,2041212.95,651709.728
,2025-11-05,3.19,3.27,3.15,3.24,3.22,0.02,0.62,1592525.17,515388.946
,2025-11-06,3.25,3.32,3.16,3.26,3.24,0.0199999999999995,0.62,1268953.0,411200.221
,2025-11-07,3.24,3.48,3.21,3.39,3.26,0.1300000000000003,3.99,2022814.07,684708.955
,2025-11-10,3.5,3.73,3.45,3.73,3.39,0.3399999999999998,10.03,1285032.65,466041.558
,2025-11-11,3.77,3.86,3.54,3.61,3.73,-0.1200000000000001,-3.22,3035204.09,1101619.385
,2025-11-12,3.6,3.97,3.54,3.97,3.61,0.3600000000000003,9.97,2396181.71,914081.953
,2025-11-13,4.0,4.36,3.8,4.2,3.97,0.2299999999999999,5.79,4064180.72,1658279.088
,2025-11-14,4.2,4.37,3.94,4.1,4.2,-0.1000000000000005,-2.38,3306616.72,1373269.557
,2025-11-17,3.97,3.97,3.73,3.85,4.1,-0.2499999999999995,-6.1,2418713.11,925625.156
,2025-11-18,3.9,4.0,3.65,3.7,3.85,-0.1499999999999999,-3.9,1902540.32,718360.649
,2025-11-19,3.62,3.73,3.58,3.65,3.7,-0.0500000000000002,-1.35,1148408.14,420412.208
,2025-11-20,3.66,3.69,3.56,3.58,3.65,-0.0699999999999998,-1.92,990320.4,356808.365
,2025-11-21,3.51,3.55,3.36,3.36,3.58,-0.2200000000000002,-6.15,1198726.7,411324.649
,2025-11-24,3.41,3.44,3.26,3.35,3.36,-0.0099999999999997,-0.3,801952.0,267625.53
,2025-11-25,3.36,3.49,3.35,3.45,3.35,0.1,2.99,828399.9,283216.009
,2025-11-26,3.45,3.52,3.41,3.42,3.45,-0.0300000000000002,-0.87,658162.8,227558.832
,2025-11-27,3.4,3.55,3.38,3.46,3.42,0.04,1.17,1016349.0,354509.855
,2025-11-28,3.44,3.51,3.41,3.48,3.46,0.02,0.58,598760.0,207190.155
,2025-12-01,3.5,3.59,3.46,3.49,3.48,0.0100000000000002,0.29,784281.0,275283.226
,2025-12-02,3.47,3.47,3.39,3.44,3.49,-0.0500000000000002,-1.43,533033.0,182872.699
,2025-12-03,3.43,3.46,3.37,3.39,3.44,-0.0499999999999998,-1.45,475472.0,162483.871
,2025-12-04,3.37,3.39,3.3,3.31,3.39,-0.08,-2.36,561533.53,186912.011
,2025-12-05,3.31,3.4,3.29,3.39,3.31,0.08,2.42,507024.1,170043.196
,2025-12-08,3.43,3.46,3.4,3.42,3.39,0.0299999999999998,0.88,459215.99,157511.995
,2025-12-09,3.4,3.48,3.39,3.44,3.42,0.02,0.58,606634.67,209310.093
,2025-12-10,3.44,3.55,3.41,3.51,3.44,0.0699999999999998,2.03,915700.21,318700.323
,2025-12-11,3.52,3.62,3.51,3.55,3.51,0.04,1.14,1284576.37,456782.326
,2025-12-12,3.91,3.91,3.81,3.91,3.55,0.3600000000000003,10.14,1509430.87,589489.901
,2025-12-15,3.91,4.09,3.8,3.83,3.91,-0.08,-2.05,2904981.13,1135132.9
,2025-12-16,3.8,4.06,3.71,3.77,3.83,-0.06,-1.57,2136790.43,824586.965
,2025-12-17,3.66,3.83,3.6,3.77,3.77,0.0,0.0,1492938.75,553059.489
,2025-12-18,3.71,3.72,3.61,3.62,3.77,-0.1499999999999999,-3.98,1023081.87,374401.327
,2025-12-19,3.62,3.77,3.6,3.73,3.62,0.1099999999999998,3.04,1058080.47,390210.138
,2025-12-22,3.75,3.76,3.65,3.68,3.73,-0.0499999999999998,-1.34,701105.33,258411.215
,2025-12-23,3.68,3.73,3.55,3.6,3.68,-0.08,-2.17,871492.3,314595.312
,2025-12-24,3.58,3.67,3.56,3.67,3.6,0.0699999999999998,1.94,576375.32,208757.232
,2025-12-25,3.67,3.74,3.64,3.7,3.67,0.0300000000000002,0.82,685844.6,253152.194
,2025-12-26,3.68,3.73,3.66,3.68,3.7,-0.02,-0.54,587228.0,217130.699
,2025-12-29,3.66,3.68,3.52,3.59,3.68,-0.0900000000000003,-2.45,811125.94,290816.774
,2025-12-30,3.58,3.6,3.49,3.54,3.59,-0.0499999999999998,-1.39,502201.14,177645.737
,2025-12-31,3.53,3.55,3.44,3.49,3.54,-0.0499999999999998,-1.41,464212.04,161515.594
,2026-01-05,3.49,3.55,3.48,3.51,3.49,0.0199999999999995,0.57,459359.0,161513.155
,2026-01-06,3.51,3.86,3.49,3.78,3.51,0.27,7.69,2462607.38,925227.095
,2026-01-07,3.7,3.79,3.67,3.73,3.78,-0.0499999999999998,-1.32,1524699.0,570458.656
,2026-01-08,3.73,3.73,3.65,3.67,3.73,-0.06,-1.61,847313.0,312349.059
,2026-01-09,3.68,3.7,3.62,3.66,3.67,-0.0099999999999997,-0.27,727382.0,266244.399
,2026-01-12,3.67,3.84,3.65,3.84,3.66,0.1799999999999997,4.92,1492261.02,565257.177
,2026-01-13,3.73,3.8,3.65,3.7,3.84,-0.1399999999999996,-3.65,1244314.62,461940.998
,2026-01-14,3.71,3.8,3.66,3.72,3.7,0.02,0.54,1048795.41,391102.144
,2026-01-15,3.7,3.71,3.6,3.63,3.72,-0.0900000000000003,-2.42,801107.46,292332.852
,2026-01-16,3.66,3.85,3.59,3.61,3.63,-0.02,-0.55,977390.7,358649.606
,2026-01-19,3.6,3.73,3.55,3.69,3.61,0.08,2.22,838725.0,308083.294
,2026-01-20,3.7,3.8,3.69,3.76,3.69,0.0699999999999998,1.9,1033319.25,386895.418
,2026-01-21,3.72,3.82,3.66,3.8,3.76,0.04,1.06,1068086.0,402801.613
,2026-01-22,3.81,3.84,3.77,3.84,3.8,0.04,1.05,845744.88,322709.055
,2026-01-23,3.83,3.99,3.81,3.93,3.84,0.0900000000000003,2.34,1213264.45,475869.613
,2026-01-26,3.93,4.0,3.85,3.89,3.93,-0.04,-1.02,929918.0,364199.381
,2026-01-27,3.86,3.89,3.71,3.84,3.89,-0.0500000000000002,-1.29,778540.0,294590.494
,2026-01-28,3.83,3.84,3.74,3.79,3.84,-0.0499999999999998,-1.3,578116.85,218204.885
,2026-01-29,3.77,3.86,3.71,3.75,3.79,-0.04,-1.06,721338.73,272656.418
,2026-01-30,3.73,3.74,3.56,3.59,3.75,-0.1600000000000001,-4.27,1027537.08,372889.606
,2026-02-02,3.7,3.84,3.65,3.65,3.59,0.06,1.67,1056875.16,394785.371
,2026-02-03,3.71,3.76,3.63,3.76,3.65,0.1099999999999998,3.01,717297.93,265611.389
,2026-02-04,3.76,3.83,3.71,3.82,3.76,0.06,1.6,765840.0,290040.727
,2026-02-05,3.81,3.82,3.64,3.65,3.82,-0.1699999999999999,-4.45,892848.9,329885.305
,2026-02-06,3.61,3.69,3.55,3.63,3.65,-0.02,-0.55,556027.43,202121.027
,2026-02-09,3.69,3.84,3.67,3.72,3.63,0.0900000000000003,2.48,843955.12,316411.288
,2026-02-10,3.71,3.77,3.65,3.7,3.72,-0.02,-0.54,570206.66,211403.226
,2026-02-11,3.68,3.74,3.65,3.65,3.7,-0.0500000000000002,-1.35,475032.0,175424.299
,2026-02-12,3.66,3.68,3.57,3.61,3.65,-0.04,-1.1,564608.69,204832.767
,2026-02-13,3.59,3.61,3.52,3.53,3.61,-0.08,-2.22,589311.87,209929.046
,2026-02-24,3.6,3.74,3.58,3.72,3.53,0.1900000000000004,5.38,926049.16,341062.986
,2026-02-25,3.72,3.84,3.7,3.8,3.72,0.0799999999999996,2.15,819781.4,310479.308
,2026-02-26,3.87,3.92,3.74,3.77,3.8,-0.0299999999999998,-0.79,683692.12,260066.829
,2026-02-27,3.73,3.83,3.72,3.83,3.77,0.06,1.59,706803.64,268545.05
,2026-03-02,3.75,3.83,3.69,3.75,3.83,-0.08,-2.09,742723.64,278176.203
,2026-03-03,3.77,3.79,3.57,3.59,3.75,-0.1600000000000001,-4.27,858885.0,314414.454
,2026-03-04,3.53,3.68,3.51,3.62,3.59,0.0300000000000002,0.84,616413.0,222487.166
,2026-03-05,3.66,3.76,3.66,3.71,3.62,0.0899999999999998,2.49,777028.0,288817.632
,2026-03-06,3.7,3.84,3.68,3.8,3.71,0.0899999999999998,2.43,926509.79,350459.282
,2026-03-09,3.77,3.85,3.74,3.83,3.8,0.0300000000000002,0.79,926920.0,351909.63
,2026-03-10,3.84,3.88,3.77,3.82,3.83,-0.0100000000000002,-0.26,694592.38,265573.035
,2026-03-11,3.88,4.0,3.83,3.97,3.82,0.1500000000000003,3.93,2085049.35,819740.355
,2026-03-12,4.0,4.08,3.94,4.0,3.97,0.0299999999999998,0.76,2039993.94,816427.293
,2026-03-13,3.98,4.09,3.91,3.96,4.0,-0.04,-1.0,1458332.44,582519.958
,2026-03-16,3.97,4.05,3.86,3.88,3.96,-0.08,-2.02,1094566.0,428977.483
,2026-03-17,3.88,4.27,3.88,4.27,3.88,0.3899999999999997,10.05,2214855.2,916266.75
,2026-03-18,4.35,4.43,4.11,4.19,4.27,-0.0799999999999991,-1.87,3792734.37,1599333.345
,2026-03-19,4.19,4.31,4.04,4.08,4.19,-0.1100000000000003,-2.63,2802359.56,1165832.945
,2026-03-20,4.08,4.49,4.06,4.49,4.08,0.4100000000000001,10.05,2770646.16,1234156.207
,2026-03-23,4.7,4.8,4.34,4.53,4.49,0.04,0.89,5902001.81,2696744.273
,2026-03-24,4.44,4.88,4.24,4.87,4.53,0.3399999999999998,7.51,4963997.52,2262534.423
,2026-03-25,4.68,5.04,4.58,4.76,4.87,-0.1100000000000003,-2.26,4596946.54,2207145.817
,2026-03-26,4.63,4.68,4.39,4.39,4.76,-0.3700000000000001,-7.77,3014777.23,1354750.358
,2026-03-27,4.2,4.44,4.14,4.35,4.39,-0.04,-0.91,2331621.79,1007111.728
,2026-03-30,4.43,4.56,4.05,4.21,4.35,-0.1399999999999996,-3.22,2170463.56,922601.657
,2026-03-31,4.15,4.31,3.94,3.96,4.21,-0.25,-5.94,2093891.35,855806.881
,2026-04-01,4.04,4.07,3.96,4.02,3.96,0.0599999999999996,1.52,1314737.26,525951.041
,2026-04-02,3.95,3.99,3.71,3.74,4.02,-0.2799999999999993,-6.97,1831969.75,698574.03
,2026-04-03,3.72,3.79,3.58,3.77,3.74,0.0299999999999998,0.8,1532541.54,564297.509
,2026-04-07,3.77,3.79,3.66,3.78,3.77,0.0099999999999997,0.27,812506.26,304485.519
,2026-04-08,3.81,3.88,3.8,3.86,3.78,0.08,2.12,1216044.62,466958.284
,2026-04-09,3.82,3.82,3.75,3.79,3.86,-0.0699999999999998,-1.81,880478.0,333214.985
,2026-04-10,3.79,3.9,3.73,3.87,3.79,0.08,2.11,1363660.3,519129.616
,2026-04-13,3.85,4.02,3.82,3.96,3.87,0.0899999999999998,2.33,1346747.65,531581.633
,2026-04-14,3.99,4.29,3.97,4.23,3.96,0.2700000000000004,6.82,2266074.64,939492.16
,2026-04-15,4.26,4.26,4.08,4.14,4.23,-0.0900000000000007,-2.13,1723298.49,712932.858
,2026-04-16,4.14,4.18,4.06,4.15,4.14,0.0100000000000006,0.24,903646.0,373111.175
,2026-04-17,4.13,4.19,4.08,4.11,4.15,-0.04,-0.96,817219.0,336975.726
,2026-04-20,4.12,4.24,4.12,4.24,4.11,0.1299999999999999,3.16,1175422.88,493806.481
,2026-04-21,4.2,4.22,4.01,4.1,4.24,-0.1400000000000005,-3.3,1204545.0,493050.532
,2026-04-22,4.21,4.51,4.13,4.51,4.1,0.4100000000000001,10.0,2560662.24,1113440.281
,2026-04-23,4.51,4.55,4.36,4.46,4.51,-0.0499999999999998,-1.11,2521040.65,1117894.27
,2026-04-24,4.45,4.59,4.38,4.45,4.46,-0.0099999999999997,-0.22,1911863.62,857975.005
,2026-04-27,4.47,4.65,4.44,4.53,4.45,0.08,1.8,1676937.3,759730.998
,2026-04-28,4.45,4.55,4.37,4.5,4.53,-0.0300000000000002,-0.66,1616581.96,720592.234
,2026-04-29,4.5,4.66,4.47,4.57,4.5,0.0700000000000002,1.56,1837601.9,840900.746
,2026-04-30,4.53,4.61,4.46,4.59,4.57,0.0199999999999995,0.44,1430871.35,647463.534
,2026-05-06,4.62,4.75,4.57,4.67,4.59,0.08,1.74,1879576.41,874070.427
,2026-05-07,4.65,4.81,4.62,4.8,4.67,0.1299999999999999,2.78,2440660.48,1146885.374
,2026-05-08,4.75,5.28,4.7,5.28,4.8,0.4800000000000004,10.0,2492837.69,1295413.86
,2026-05-11,5.53,5.75,5.22,5.52,5.28,0.23999999999999932,4.55,5094331.73,2786279.528
