ts_code,date,open,high,low,close,pre_close,change,pct_chg,volume,amount
,2024-01-02,30.82,30.88,30.04,30.07,30.79,-0.7199999999999989,-2.34,32013.46,129676.038
,2024-01-03,30.07,30.07,28.88,29.41,30.07,-0.6600000000000001,-2.19,38124.2,150139.307
,2024-01-04,29.38,29.44,28.92,29.06,29.41,-0.3500000000000014,-1.19,16166.88,62863.038
,2024-01-05,29.1,29.51,28.66,28.78,29.06,-0.2799999999999976,-0.96,21541.0,83808.745
,2024-01-08,29.43,29.84,28.84,28.85,28.78,0.0700000000000002,0.24,32544.58,127893.45
,2024-01-09,28.8,29.34,28.73,29.08,28.85,0.2299999999999968,0.8,22842.29,88639.981
,2024-01-10,28.95,29.43,28.47,29.03,29.08,-0.0499999999999971,-0.17,19526.4,75707.653
,2024-01-11,29.07,30.04,28.87,29.83,29.03,0.7999999999999972,2.76,33761.79,133504.437
,2024-01-12,29.58,30.71,29.55,29.87,29.83,0.0400000000000027,0.13,41189.08,166378.684
,2024-01-15,29.68,29.7,28.73,28.84,29.87,-1.0300000000000011,-3.45,38206.89,148855.118
,2024-01-16,28.84,28.84,27.72,28.11,28.84,-0.7300000000000004,-2.53,36952.71,139480.308
,2024-01-17,29.13,29.51,28.41,28.44,28.11,0.3300000000000018,1.17,47522.74,184302.014
,2024-01-18,28.18,29.36,27.74,28.64,28.44,0.1999999999999993,0.7,64469.42,245367.69
,2024-01-19,28.42,28.42,27.77,27.83,28.64,-0.8100000000000023,-2.83,27501.49,103192.591
,2024-01-22,27.86,27.9,25.65,25.87,27.83,-1.9599999999999973,-7.04,43928.02,156815.89
,2024-01-23,25.43,26.25,25.21,25.96,25.87,0.0899999999999998,0.35,29293.74,101396.674
,2024-01-24,26.05,26.25,24.76,25.59,25.96,-0.370000000000001,-1.43,36270.6,123641.048
,2024-01-25,25.57,26.5,25.27,26.34,25.59,0.75,2.93,39125.73,136162.865
,2024-01-26,26.19,26.31,25.72,25.76,26.34,-0.5799999999999983,-2.2,30272.15,105166.238
,2024-01-29,25.84,26.15,24.95,24.95,25.76,-0.8100000000000023,-3.14,25956.12,88583.196
,2024-01-30,24.8,25.42,24.31,24.46,24.95,-0.4899999999999984,-1.96,25769.52,85390.508
,2024-01-31,24.45,24.61,22.69,22.74,24.46,-1.7200000000000024,-7.03,49321.76,154266.335
,2024-02-01,22.72,22.81,21.93,22.21,22.74,-0.5299999999999976,-2.33,50297.73,150315.683
,2024-02-02,22.25,22.54,20.06,20.89,22.21,-1.3200000000000005,-5.94,59651.68,168877.113
,2024-02-05,20.68,20.79,18.8,19.19,20.89,-1.6999999999999993,-8.14,66186.09,172594.053
,2024-02-06,18.92,20.85,18.19,20.52,19.19,1.3299999999999983,6.93,60995.71,159290.645
,2024-02-07,20.5,21.82,20.42,20.97,20.52,0.4499999999999993,2.19,59854.0,170015.636
,2024-02-08,21.03,22.74,20.97,22.68,20.97,1.7100000000000009,8.15,63087.95,185538.206
,2024-02-19,23.19,23.92,22.93,23.46,22.68,0.7800000000000011,3.44,57961.79,181788.349
,2024-02-20,23.56,23.56,22.9,23.16,23.46,-0.3000000000000007,-1.28,36119.13,111667.319
,2024-02-21,23.11,25.21,22.8,24.02,23.16,0.8599999999999994,3.71,66907.01,216066.37
,2024-02-22,23.72,24.44,23.71,24.35,24.02,0.3300000000000018,1.37,42005.9,135637.388
,2024-02-23,24.39,25.02,24.26,24.94,24.35,0.5899999999999999,2.42,43105.52,142019.755
,2024-02-26,25.11,25.86,24.95,25.41,24.94,0.4699999999999988,1.88,56881.44,193873.909
,2024-02-27,25.43,26.76,25.31,26.71,25.41,1.3000000000000007,5.12,59747.04,209446.906
,2024-02-28,27.11,27.14,24.73,24.77,26.71,-1.9400000000000013,-7.26,75528.58,263516.7
,2024-02-29,24.98,25.99,24.82,25.9,24.77,1.129999999999999,4.56,49500.4,169052.261
,2024-03-01,25.76,26.61,25.69,26.44,25.9,0.5400000000000027,2.08,45797.6,160505.933
,2024-03-04,26.28,26.55,25.76,26.19,26.44,-0.25,-0.95,50646.77,177273.408
,2024-03-05,26.19,26.48,25.75,25.86,26.19,-0.3300000000000018,-1.26,42566.99,148086.676
,2024-03-06,26.03,26.9,25.82,26.76,25.86,0.9000000000000021,3.48,71928.55,253760.566
,2024-03-07,27.83,28.33,26.73,26.73,26.76,-0.0300000000000011,-0.11,124404.68,459135.727
,2024-03-08,26.25,26.77,25.76,26.4,26.73,-0.3300000000000018,-1.23,75328.48,263316.405
,2024-03-11,26.36,27.49,26.18,27.47,26.4,1.0700000000000005,4.05,76273.48,275813.417
,2024-03-12,28.05,28.31,27.65,28.0,27.47,0.5300000000000011,1.93,82477.5,308351.679
,2024-03-13,27.68,28.17,27.55,27.79,28.0,-0.2100000000000008,-0.75,58908.8,219698.248
,2024-03-14,27.8,28.0,26.94,27.29,27.79,-0.5,-1.8,47079.08,172886.234
,2024-03-15,27.0,27.65,26.95,27.6,27.29,0.3100000000000023,1.14,30326.61,110728.085
,2024-03-18,27.61,28.19,27.61,28.18,27.6,0.5799999999999983,2.1,52909.21,198185.054
,2024-03-19,27.94,28.18,27.79,27.8,28.18,-0.379999999999999,-1.35,31975.28,119379.927
,2024-03-20,27.82,27.96,27.53,27.9,27.8,0.0999999999999978,0.36,32069.36,119059.15
,2024-03-21,27.89,28.38,27.76,27.95,27.9,0.0500000000000007,0.18,38773.62,145375.069
,2024-03-22,28.02,28.02,27.11,27.38,27.95,-0.5700000000000003,-2.04,37218.42,136578.088
,2024-03-25,27.3,27.86,26.82,26.85,27.38,-0.5299999999999976,-1.94,39636.75,144949.879
,2024-03-26,26.91,28.04,26.91,28.04,26.85,1.1899999999999975,4.43,66636.81,246274.831
,2024-03-27,27.97,28.04,26.17,26.29,28.04,-1.75,-6.24,57817.27,208340.497
,2024-03-28,26.02,27.41,26.01,27.08,26.29,0.7899999999999991,3.0,43881.47,158056.327
,2024-03-29,28.27,28.42,27.19,27.46,27.08,0.3800000000000025,1.4,71110.62,264042.029
,2024-04-01,27.68,28.65,27.66,28.3,27.46,0.8399999999999999,3.06,74389.28,280962.523
,2024-04-02,28.16,28.17,27.3,27.44,28.3,-0.8599999999999994,-3.04,57528.17,212538.982
,2024-04-03,27.44,27.51,26.19,26.63,27.44,-0.8100000000000023,-2.95,47230.56,167726.868
,2024-04-08,26.33,26.87,25.48,25.66,26.63,-0.9699999999999988,-3.64,41153.99,143847.262
,2024-04-09,25.58,26.15,25.53,25.96,25.66,0.3000000000000007,1.17,23541.0,81315.047
,2024-04-10,26.29,27.51,25.63,26.58,25.96,0.6199999999999974,2.39,70339.61,250592.874
,2024-04-11,27.0,27.59,26.6,26.99,26.58,0.4100000000000001,1.54,58239.13,210802.175
,2024-04-12,26.64,26.95,25.75,25.78,26.99,-1.2099999999999973,-4.48,54267.72,190284.544
,2024-04-15,26.53,28.36,26.53,28.01,25.78,2.2300000000000004,8.65,153530.81,577396.234
,2024-04-16,27.44,28.07,25.81,25.93,28.01,-2.080000000000002,-7.43,138684.1,495355.379
,2024-04-17,26.68,27.9,26.67,27.72,25.93,1.7899999999999991,6.9,97231.98,355955.652
,2024-04-18,27.65,28.95,27.24,28.31,27.72,0.5899999999999999,2.13,107399.84,406135.279
,2024-04-19,28.05,28.41,27.49,27.66,28.31,-0.6499999999999986,-2.3,69820.31,258906.138
,2024-04-22,27.38,28.17,26.97,27.83,27.66,0.1699999999999981,0.61,55280.07,204235.177
,2024-04-23,27.74,27.97,27.4,27.8,27.83,-0.0299999999999975,-0.11,39262.32,145448.968
,2024-04-24,27.83,28.72,27.68,28.72,27.8,0.9199999999999982,3.31,76508.65,290715.142
,2024-04-25,28.72,28.74,27.76,28.21,28.72,-0.509999999999998,-1.78,72041.58,272130.083
,2024-04-26,28.21,28.56,28.17,28.22,28.21,0.009999999999998,0.04,73830.0,279674.385
,2024-04-29,28.3,29.15,28.25,29.15,28.22,0.9299999999999996,3.3,78313.89,301401.275
,2024-04-30,29.32,29.72,28.85,28.93,29.15,-0.2199999999999988,-0.75,86579.5,338775.48
,2024-05-06,29.31,29.76,29.05,29.18,28.93,0.25,0.86,61629.26,241824.708
,2024-05-07,29.12,29.12,28.32,28.58,29.18,-0.6000000000000014,-2.06,68765.46,263461.588
,2024-05-08,28.33,28.33,27.75,27.86,28.58,-0.7199999999999989,-2.52,49011.02,183289.007
,2024-05-09,27.87,28.33,27.87,28.23,27.86,0.370000000000001,1.33,36257.89,136616.971
,2024-05-10,28.27,28.3,27.63,27.83,28.23,-0.4000000000000021,-1.42,35556.0,132336.617
,2024-05-13,27.55,27.55,27.01,27.19,27.83,-0.639999999999997,-2.3,35073.57,127770.004
,2024-05-14,27.24,27.57,27.24,27.36,27.19,0.1699999999999981,0.63,23565.6,86244.33
,2024-05-15,27.22,27.64,27.03,27.17,27.36,-0.1899999999999977,-0.69,22782.78,83206.417
,2024-05-16,27.26,27.41,27.05,27.11,27.17,-0.0600000000000022,-0.22,29704.6,107975.393
,2024-05-17,27.16,27.3,26.6,26.95,27.11,-0.1600000000000001,-0.59,32484.23,116741.214
,2024-05-20,26.97,27.35,26.78,27.14,26.95,0.1900000000000012,0.71,28367.0,102639.126
,2024-05-21,26.97,27.11,26.53,26.53,27.14,-0.6099999999999994,-2.25,26579.39,94949.551
,2024-05-22,26.7,26.83,26.44,26.59,26.53,0.0599999999999987,0.23,23639.71,84142.306
,2024-05-23,26.52,26.63,25.84,25.87,26.59,-0.7199999999999989,-2.71,31393.71,109520.986
,2024-05-24,26.0,26.14,25.65,25.81,25.87,-0.0600000000000022,-0.23,20914.51,72510.305
,2024-05-27,25.96,26.05,25.32,25.8,25.81,-0.009999999999998,-0.04,21789.52,74487.896
,2024-05-28,25.75,25.75,25.34,25.43,25.8,-0.370000000000001,-1.43,19839.39,67572.285
,2024-05-29,25.43,26.12,25.43,25.84,25.43,0.4100000000000001,1.61,23259.0,78742.184
,2024-05-30,25.74,26.1,25.6,25.9,25.84,0.0599999999999987,0.23,18076.0,61575.514
,2024-05-31,26.87,27.38,26.69,26.74,25.9,0.8399999999999999,3.24,62992.28,223824.099
,2024-06-03,26.58,26.72,26.09,26.28,26.74,-0.4599999999999973,-1.72,32233.8,111672.284
,2024-06-04,26.01,26.51,25.91,26.5,26.28,0.2199999999999988,0.84,23673.39,81369.712
,2024-06-05,26.58,26.73,26.12,26.18,26.5,-0.3200000000000003,-1.21,22243.0,77356.863
,2024-06-06,26.16,26.35,25.44,25.58,26.18,-0.6000000000000014,-2.29,29471.85,99597.833
,2024-06-07,25.81,25.96,25.04,25.43,25.58,-0.1499999999999985,-0.59,20444.2,68290.708
,2024-06-11,25.29,25.33,24.81,25.3,25.43,-0.129999999999999,-0.51,18611.0,61264.27
,2024-06-12,25.37,25.72,25.36,25.61,25.3,0.3099999999999987,1.23,18673.2,62719.511
,2024-06-13,25.4,25.56,24.94,24.98,25.61,-0.629999999999999,-2.46,27519.0,90820.167
,2024-06-14,25.04,25.04,23.98,24.52,24.98,-0.4600000000000008,-1.84,43305.19,137877.945
,2024-06-17,24.37,25.04,24.24,24.85,24.52,0.3300000000000018,1.35,28663.48,93417.436
,2024-06-18,24.86,25.5,24.8,25.38,24.85,0.5299999999999976,2.13,28045.0,93001.395
,2024-06-19,25.37,25.48,24.78,24.82,25.38,-0.5599999999999987,-2.21,22396.0,73720.673
,2024-06-20,24.76,24.88,23.92,24.04,24.82,-0.7800000000000011,-3.14,28673.23,91271.003
,2024-06-21,23.73,24.09,23.62,23.95,24.04,-0.0899999999999998,-0.37,16543.95,51828.529
,2024-06-24,23.83,23.83,22.73,22.9,23.95,-1.0500000000000007,-4.38,39078.4,118924.852
,2024-06-25,23.03,23.38,22.86,23.06,22.91,0.1499999999999985,0.65,20727.18,62974.119
,2024-06-26,22.94,23.5,22.66,23.45,23.06,0.3900000000000005,1.69,23661.62,71915.06
,2024-06-27,23.44,23.45,22.79,22.79,23.45,-0.6600000000000001,-2.81,19238.0,58239.616
,2024-06-28,22.93,23.83,22.73,23.29,22.79,0.5,2.19,25629.15,78610.706
,2024-07-01,23.2,23.57,22.83,23.34,23.29,0.0500000000000007,0.21,23558.15,71539.296
,2024-07-02,23.32,23.41,22.87,22.97,23.34,-0.370000000000001,-1.59,21427.62,64791.801
,2024-07-03,23.08,23.14,22.59,22.59,22.97,-0.379999999999999,-1.65,18334.25,54840.38
,2024-07-04,22.62,22.95,22.2,22.21,22.59,-0.379999999999999,-1.68,17232.0,50978.538
,2024-07-05,22.07,22.41,21.76,22.21,22.21,0.0,0.0,17034.69,49322.179
,2024-07-08,22.21,22.32,21.41,21.52,22.21,-0.6900000000000013,-3.11,20287.4,57949.424
,2024-07-09,21.48,22.43,21.41,22.36,21.52,0.8399999999999999,3.9,31477.3,90702.926
,2024-07-10,22.42,23.07,22.09,22.62,22.36,0.2600000000000015,1.16,30508.32,91248.833
,2024-07-11,23.16,23.71,23.05,23.68,22.62,1.0599999999999987,4.69,37692.26,116222.954
,2024-07-12,23.83,24.22,23.69,24.0,23.68,0.3200000000000003,1.35,36679.48,115301.262
,2024-07-15,23.66,23.7,22.99,23.06,24.0,-0.9400000000000012,-3.92,33155.0,101208.66
,2024-07-16,22.98,23.61,22.87,23.24,23.06,0.1799999999999997,0.78,25206.0,76853.493
,2024-07-17,23.42,23.42,22.78,22.81,23.24,-0.4299999999999997,-1.85,19531.0,58768.352
,2024-07-18,22.47,22.76,22.03,22.66,22.81,-0.1499999999999985,-0.66,22873.0,67182.98
,2024-07-19,22.59,22.87,22.42,22.68,22.66,0.0199999999999995,0.09,17357.0,51694.961
,2024-07-22,22.63,22.77,22.24,22.43,22.68,-0.25,-1.1,18359.7,54127.968
,2024-07-23,22.43,22.43,21.86,21.87,22.43,-0.5599999999999987,-2.5,16762.0,48741.899
,2024-07-24,21.69,22.06,21.1,21.26,21.87,-0.6099999999999994,-2.79,26194.0,74015.592
,2024-07-25,21.1,22.0,21.0,21.73,21.26,0.4699999999999988,2.21,27702.0,78489.886
,2024-07-26,21.66,22.17,21.66,21.96,21.73,0.2300000000000004,1.06,17739.8,51258.795
,2024-07-29,22.0,22.08,21.5,21.58,21.96,-0.3800000000000025,-1.73,15532.0,44171.685
,2024-07-30,21.54,21.69,21.18,21.57,21.58,-0.009999999999998,-0.05,13171.13,37099.328
,2024-07-31,21.61,22.55,21.44,22.54,21.57,0.9699999999999988,4.5,27461.9,80072.047
,2024-08-01,22.59,22.87,22.47,22.62,22.54,0.0800000000000018,0.35,22990.0,68393.678
,2024-08-02,22.36,22.53,21.97,22.06,22.62,-0.5600000000000023,-2.48,20699.0,60503.938
,2024-08-05,21.66,22.22,21.31,21.31,22.06,-0.75,-3.4,23237.0,66149.339
,2024-08-06,21.62,21.72,21.37,21.58,21.31,0.2699999999999996,1.27,14271.9,40332.31
,2024-08-07,21.56,21.66,21.4,21.56,21.58,-0.0199999999999995,-0.09,11758.0,33261.975
,2024-08-08,21.42,21.43,21.01,21.3,21.56,-0.259999999999998,-1.21,18751.0,52279.314
,2024-08-09,21.4,21.62,21.11,21.11,21.3,-0.1900000000000012,-0.89,16724.0,46830.624
,2024-08-12,20.96,21.27,20.81,20.89,21.11,-0.2199999999999988,-1.04,11271.13,30979.6
,2024-08-13,20.89,21.02,20.75,21.02,20.89,0.129999999999999,0.62,12193.0,33459.133
,2024-08-14,21.02,21.09,20.73,20.73,21.02,-0.2899999999999991,-1.38,10590.0,28965.985
,2024-08-15,20.6,21.03,20.48,20.83,20.73,0.0999999999999978,0.48,16729.0,45648.442
,2024-08-16,20.86,20.94,20.06,20.19,20.83,-0.639999999999997,-3.07,31904.0,85389.804
,2024-08-19,20.19,20.51,20.08,20.14,20.19,-0.0500000000000007,-0.25,19239.0,51226.362
,2024-08-20,20.16,20.22,19.72,19.76,20.14,-0.379999999999999,-1.89,16280.0,42411.103
,2024-08-21,19.59,19.99,19.59,19.85,19.76,0.0899999999999998,0.46,11452.51,29768.429
,2024-08-22,19.92,19.92,19.26,19.3,19.85,-0.5500000000000007,-2.77,14085.0,36078.366
,2024-08-23,19.41,19.44,19.18,19.27,19.3,-0.0300000000000011,-0.16,13627.0,34527.339
,2024-08-26,19.26,19.74,19.2,19.71,19.27,0.4400000000000013,2.28,14933.0,38358.144
,2024-08-27,19.58,19.9,19.43,19.79,19.71,0.0799999999999983,0.41,15660.79,40510.78
,2024-08-28,19.66,19.93,19.62,19.81,19.79,0.0199999999999995,0.1,12381.14,32149.222
,2024-08-29,19.7,21.16,19.69,21.02,19.81,1.2100000000000009,6.11,39643.7,107665.051
,2024-08-30,19.42,20.76,19.38,20.48,21.02,-0.5399999999999991,-2.57,112655.42,297080.435
,2024-09-02,20.13,20.21,19.58,19.64,20.48,-0.8399999999999999,-4.1,54996.99,143528.302
,2024-09-03,19.48,19.8,19.48,19.65,19.64,0.009999999999998,0.05,25821.56,66565.227
,2024-09-04,19.51,20.09,19.35,19.73,19.65,0.0800000000000018,0.41,28625.01,74070.149
,2024-09-05,19.81,19.93,19.64,19.72,19.73,-0.0100000000000015,-0.05,21644.45,56180.085
,2024-09-06,19.79,19.79,19.25,19.3,19.72,-0.4199999999999981,-2.13,21184.43,54183.922
,2024-09-09,19.3,19.3,18.85,18.91,19.3,-0.3900000000000005,-2.02,21420.0,53267.308
,2024-09-10,18.94,19.03,18.59,18.97,18.91,0.0599999999999987,0.32,16433.81,40569.074
,2024-09-11,18.81,19.12,18.78,18.9,18.97,-0.0700000000000002,-0.37,16252.0,40476.724
,2024-09-12,19.01,19.13,18.68,18.68,18.9,-0.2199999999999988,-1.16,16029.0,39764.386
,2024-09-13,18.68,18.73,18.13,18.2,18.68,-0.4800000000000004,-2.57,23044.65,55533.767
,2024-09-18,18.19,18.19,17.75,17.98,18.2,-0.2199999999999988,-1.21,17707.12,41638.407
,2024-09-19,18.05,18.43,17.91,18.26,17.98,0.2800000000000011,1.56,20973.15,50258.199
,2024-09-20,18.25,18.32,17.79,17.81,18.26,-0.4500000000000028,-2.46,21698.0,51068.56
,2024-09-23,17.85,17.9,17.55,17.6,17.81,-0.2099999999999973,-1.18,21086.0,49008.038
,2024-09-24,17.79,18.26,17.45,18.26,17.6,0.6600000000000001,3.75,56930.77,133910.793
,2024-09-25,18.52,19.15,18.52,18.75,18.26,0.4899999999999984,2.68,55605.47,137821.818
,2024-09-26,18.61,19.42,18.59,19.42,18.75,0.6700000000000017,3.57,45630.0,113899.654
,2024-09-27,19.77,21.29,19.71,20.99,19.42,1.5699999999999967,8.08,72951.02,195573.705
,2024-09-30,21.95,23.09,21.61,23.05,20.99,2.0600000000000023,9.81,101437.26,298794.023
,2024-10-08,25.36,25.36,23.06,24.45,23.05,1.3999999999999986,6.07,133017.38,425715.742
,2024-10-09,24.23,24.23,22.05,22.08,24.45,-2.370000000000001,-9.69,96755.79,290932.26
,2024-10-10,22.3,22.73,21.66,22.12,22.08,0.0400000000000027,0.18,52085.69,152600.014
,2024-10-11,22.12,22.12,20.64,20.96,22.12,-1.16,-5.24,48979.45,137176.551
,2024-10-14,20.96,21.5,20.41,21.33,20.96,0.3699999999999974,1.77,42567.7,117526.21
,2024-10-15,21.18,21.42,20.69,20.72,21.33,-0.6099999999999994,-2.86,39619.01,109279.28
,2024-10-16,20.41,20.76,20.21,20.35,20.72,-0.3699999999999974,-1.79,35131.27,94296.226
,2024-10-17,20.49,21.21,20.49,20.71,20.35,0.3599999999999994,1.77,46220.01,126210.526
,2024-10-18,20.51,21.7,20.51,21.4,20.71,0.6899999999999977,3.33,56752.0,158222.66
,2024-10-21,21.63,21.78,21.25,21.43,21.4,0.0300000000000011,0.14,55354.39,156125.463
,2024-10-22,21.42,21.77,21.34,21.76,21.43,0.3300000000000018,1.54,45411.56,128720.91
,2024-10-23,21.71,21.98,21.57,21.79,21.76,0.0299999999999975,0.14,46287.0,132336.289
,2024-10-24,21.65,21.79,21.11,21.28,21.79,-0.509999999999998,-2.34,62143.49,174167.03
,2024-10-25,21.37,22.07,21.35,22.01,21.28,0.7300000000000004,3.43,65018.52,186241.741
,2024-10-28,22.09,22.28,21.6,22.27,22.01,0.259999999999998,1.18,50522.52,145527.86
,2024-10-29,22.25,22.43,21.71,21.77,22.27,-0.5,-2.25,49518.7,142969.331
,2024-10-30,21.44,21.96,21.18,21.35,21.77,-0.4199999999999981,-1.93,48759.31,137326.93
,2024-10-31,21.29,21.61,20.99,21.53,21.35,0.1799999999999997,0.84,43984.78,123342.522
,2024-11-01,21.31,21.52,20.7,20.79,21.53,-0.740000000000002,-3.44,48550.65,134209.092
,2024-11-04,20.86,22.46,20.8,22.22,20.79,1.4299999999999995,6.88,81591.33,235590.85
,2024-11-05,22.33,23.52,22.1,23.37,22.22,1.150000000000002,5.18,104002.23,313921.131
,2024-11-06,23.7,23.7,22.95,23.08,23.37,-0.2900000000000027,-1.24,99845.57,305635.733
,2024-11-07,22.87,23.38,22.86,23.13,23.08,0.0500000000000007,0.22,60134.71,182456.764
,2024-11-08,23.27,23.58,23.08,23.25,23.13,0.120000000000001,0.52,67647.72,207024.964
,2024-11-11,23.1,23.84,22.98,23.84,23.25,0.5899999999999999,2.54,81139.93,250474.135
,2024-11-12,23.92,24.75,23.86,24.23,23.84,0.3900000000000005,1.64,108934.71,348207.295
,2024-11-13,23.99,24.15,23.33,24.02,24.23,-0.2100000000000008,-0.87,60852.89,189754.49
,2024-11-14,24.07,24.76,23.32,23.48,24.02,-0.5399999999999991,-2.25,71533.43,226679.364
,2024-11-15,23.29,24.07,23.0,23.05,23.48,-0.4299999999999997,-1.83,57901.94,177673.852
,2024-11-18,23.16,23.38,22.33,22.51,23.05,-0.5399999999999991,-2.34,43338.89,129456.228
,2024-11-19,22.56,23.9,22.51,23.86,22.51,1.349999999999998,6.0,88726.23,273722.151
,2024-11-20,24.07,24.51,23.85,24.02,23.86,0.1600000000000001,0.67,75892.39,240288.008
,2024-11-21,23.89,24.12,23.45,23.76,24.02,-0.259999999999998,-1.08,47262.48,147306.119
,2024-11-22,23.61,24.6,23.28,23.38,23.76,-0.3800000000000025,-1.6,93101.98,292950.323
,2024-11-25,23.61,24.22,23.35,23.89,23.38,0.5100000000000016,2.18,65957.02,205698.635
,2024-11-26,23.7,23.74,22.88,23.09,23.89,-0.8000000000000007,-3.35,53480.31,163004.136
,2024-11-27,22.84,23.01,22.06,22.94,23.09,-0.1499999999999985,-0.65,47904.49,141628.265
,2024-11-28,22.94,22.97,22.3,22.33,22.94,-0.610000000000003,-2.66,40761.43,120737.62
,2024-11-29,22.26,22.97,22.17,22.75,22.33,0.4200000000000017,1.88,43058.0,128074.858
,2024-12-02,22.84,23.33,22.79,23.06,22.75,0.3099999999999987,1.36,39882.0,120595.738
,2024-12-03,22.97,23.09,22.52,22.65,23.06,-0.4100000000000001,-1.78,35481.0,105963.347
,2024-12-04,22.55,23.77,22.5,23.61,22.65,0.9600000000000009,4.24,89380.58,274055.326
,2024-12-05,23.92,24.08,23.13,23.88,23.61,0.2699999999999996,1.14,85165.77,265531.689
,2024-12-06,23.84,24.11,23.49,24.09,23.88,0.2100000000000008,0.88,61972.53,194636.708
,2024-12-09,24.09,24.51,23.69,23.82,24.09,-0.2699999999999996,-1.12,68373.1,216357.719
,2024-12-10,24.32,24.65,23.86,23.88,23.82,0.0599999999999987,0.25,81993.0,262120.281
,2024-12-11,23.89,24.38,23.51,24.28,23.88,0.4000000000000021,1.68,64869.33,204384.236
,2024-12-12,24.16,24.51,23.87,24.05,24.28,-0.2300000000000004,-0.95,48205.0,152571.433
,2024-12-13,23.78,24.03,23.45,23.48,24.05,-0.5700000000000003,-2.37,46687.0,145116.628
,2024-12-16,23.38,23.99,23.01,23.23,23.48,-0.25,-1.06,43473.0,133015.513
,2024-12-17,23.14,24.38,23.08,24.06,23.23,0.8299999999999983,3.57,116685.34,367647.835
,2024-12-18,23.85,24.29,23.53,23.92,24.06,-0.139999999999997,-0.58,65582.0,206527.811
,2024-12-19,23.48,25.65,23.31,25.12,23.92,1.1999999999999993,5.02,158777.9,516553.269
,2024-12-20,24.92,26.66,24.7,26.28,25.12,1.16,4.62,200149.61,674451.445
,2024-12-23,26.65,27.83,25.75,25.9,26.28,-0.3800000000000025,-1.45,212519.57,744449.835
,2024-12-24,26.37,27.42,25.39,26.32,25.9,0.4200000000000017,1.62,173260.04,602123.284
,2024-12-25,25.94,26.17,24.94,25.16,26.32,-1.16,-4.41,114494.56,380675.07
,2024-12-26,25.61,27.67,25.4,27.67,25.16,2.5100000000000016,9.98,193069.92,687198.816
,2024-12-27,28.18,28.26,26.89,27.0,27.67,-0.6700000000000017,-2.42,243716.22,878298.069
,2024-12-30,26.86,27.19,26.5,26.97,27.0,-0.0300000000000011,-0.11,122327.67,431880.013
,2024-12-31,26.69,27.39,26.07,26.07,26.97,-0.8999999999999986,-3.34,120251.13,419283.451
,2025-01-02,25.75,25.9,24.38,24.6,26.07,-1.4699999999999989,-5.64,129179.59,425312.56
,2025-01-03,24.6,24.74,23.28,23.39,24.6,-1.2100000000000009,-4.92,85478.69,269276.639
,2025-01-06,23.23,23.76,22.68,22.94,23.39,-0.4499999999999993,-1.92,64323.0,195305.765
,2025-01-07,23.05,23.42,22.61,23.2,22.94,0.259999999999998,1.13,80096.0,241868.386
,2025-01-08,23.04,24.06,21.94,23.53,23.2,0.3300000000000018,1.42,121327.67,364675.369
,2025-01-09,23.19,25.44,23.13,24.76,23.53,1.2300000000000004,5.23,148385.0,481154.105
,2025-01-10,24.75,25.56,24.64,24.75,24.76,-0.0100000000000015,-0.04,132695.78,437149.873
,2025-01-13,24.45,26.05,24.18,24.76,24.75,0.0100000000000015,0.04,113560.26,373207.192
,2025-01-14,25.1,26.33,24.63,26.33,24.76,1.5699999999999967,6.34,145426.17,490195.092
,2025-01-15,26.65,28.17,26.51,27.62,26.33,1.2900000000000027,4.9,245426.14,882058.92
,2025-01-16,28.56,30.39,28.2,28.39,27.62,0.7699999999999996,2.79,373646.1,1444841.795
,2025-01-17,28.02,28.78,27.16,27.94,28.39,-0.4499999999999993,-1.59,231555.95,846420.747
,2025-01-20,30.74,30.74,30.73,30.74,27.94,2.799999999999997,10.02,126213.31,509270.402
,2025-01-21,31.06,31.5,30.03,31.38,30.74,0.6400000000000006,2.08,352469.3,1427193.723
,2025-01-22,31.31,34.39,30.63,32.77,31.38,1.390000000000004,4.43,322343.68,1378332.18
,2025-01-23,33.33,34.53,32.14,32.57,32.77,-0.2000000000000028,-0.61,246056.03,1076257.119
,2025-01-24,32.66,35.83,32.37,35.83,32.57,3.259999999999998,10.01,373154.04,1707477.63
,2025-01-27,35.42,35.42,32.25,32.83,35.83,-3.0,-8.37,322614.28,1394007.248
,2025-02-05,32.83,34.49,32.22,33.79,32.83,0.9600000000000009,2.92,260053.02,1137008.819
,2025-02-06,33.52,37.17,33.26,37.17,33.79,3.3800000000000026,10.0,241575.55,1147999.887
,2025-02-07,38.12,40.89,36.81,38.54,37.17,1.3699999999999974,3.69,351032.99,1780588.817
,2025-02-10,38.07,38.07,36.41,37.48,38.54,-1.0600000000000025,-2.75,229490.9,1116577.261
,2025-02-11,36.94,39.23,36.94,38.24,37.48,0.7600000000000051,2.03,190775.9,951098.324
,2025-02-12,37.72,41.3,37.04,40.03,38.24,1.7899999999999991,4.68,211082.35,1094086.018
,2025-02-13,39.62,40.9,37.62,37.76,40.03,-2.270000000000003,-5.67,195644.75,999278.014
,2025-02-14,37.1,38.39,36.49,36.87,37.76,-0.8900000000000006,-2.36,181214.28,887856.916
,2025-02-17,36.83,38.42,35.84,38.39,36.87,1.5200000000000031,4.12,181495.6,889464.15
,2025-02-18,38.01,39.05,37.57,37.63,38.39,-0.759999999999998,-1.98,166699.89,834687.344
,2025-02-19,37.37,41.39,37.17,41.39,37.63,3.759999999999998,9.99,291178.14,1534446.381
,2025-02-20,41.35,42.13,39.78,40.92,41.39,-0.4699999999999988,-1.14,238441.0,1280149.527
,2025-02-21,40.37,43.94,40.18,42.76,40.92,1.8399999999999963,4.5,226005.59,1255140.62
,2025-02-24,42.76,45.7,41.89,43.4,42.76,0.6400000000000006,1.5,213536.11,1228458.407
,2025-02-25,41.89,44.64,41.45,42.85,43.4,-0.5499999999999972,-1.27,163312.32,923071.749
,2025-02-26,43.8,47.14,43.65,45.22,42.85,2.369999999999997,5.53,261932.31,1569460.319
,2025-02-27,44.18,45.12,41.51,42.57,45.22,-2.6499999999999986,-5.86,241680.14,1372918.445
,2025-02-28,42.5,42.5,38.31,38.62,42.57,-3.950000000000003,-9.28,217473.05,1142564.194
,2025-03-03,38.96,39.21,37.45,38.22,38.62,-0.3999999999999986,-1.04,119966.82,604442.301
,2025-03-04,37.68,41.57,37.68,39.91,38.22,1.6899999999999975,4.42,169864.8,892653.037
,2025-03-05,39.62,43.0,39.62,42.76,39.91,2.8500000000000014,7.14,173692.67,954584.641
,2025-03-06,43.87,44.64,43.14,43.3,42.76,0.5399999999999991,1.26,197330.01,1135209.527
,2025-03-07,43.73,45.9,42.95,44.51,43.3,1.2100000000000009,2.79,179581.97,1051371.536
,2025-03-10,44.41,45.7,42.51,42.87,44.51,-1.6400000000000006,-3.68,168635.41,971997.663
,2025-03-11,42.2,44.09,41.51,43.59,42.87,0.720000000000006,1.68,152945.97,860455.052
,2025-03-12,43.58,43.78,42.2,42.28,43.59,-1.3100000000000025,-3.01,127860.93,719149.734
,2025-03-13,41.89,42.27,39.31,39.61,42.28,-2.6700000000000017,-6.32,144959.08,765294.297
,2025-03-14,39.61,43.06,39.27,42.79,39.61,3.18,8.03,168900.1,916530.398
,2025-03-17,44.43,47.07,42.72,45.67,42.79,2.8800000000000026,6.73,265307.69,1587048.003
,2025-03-18,45.63,46.54,44.56,45.77,45.67,0.1000000000000014,0.22,182786.78,1089985.802
,2025-03-19,46.02,47.91,45.09,46.48,45.77,0.7099999999999937,1.55,202939.67,1241587.357
,2025-03-20,46.61,51.13,45.8,51.12,46.48,4.640000000000001,9.98,306066.47,1978639.51
,2025-03-21,50.95,52.05,46.08,47.22,51.12,-3.899999999999999,-7.63,291846.0,1842535.083
,2025-03-24,48.02,48.02,44.85,46.34,47.22,-0.8799999999999955,-1.86,154353.24,931407.483
,2025-03-25,46.37,47.19,43.92,43.92,46.34,-2.4200000000000017,-5.22,145464.25,863289.513
,2025-03-26,43.61,45.78,43.52,44.03,43.92,0.1099999999999994,0.25,127587.0,746273.742
,2025-03-27,43.42,45.03,42.31,43.28,44.03,-0.75,-1.7,112016.73,644351.588
,2025-03-28,43.17,44.09,41.51,41.59,43.28,-1.6899999999999975,-3.9,133872.0,745634.228
,2025-03-31,40.24,40.9,37.97,39.44,41.59,-2.1500000000000057,-5.17,179679.91,919768.944
,2025-04-01,39.61,40.28,38.58,38.82,39.44,-0.6199999999999974,-1.57,97582.32,499764.83
,2025-04-02,38.54,40.5,38.54,39.74,38.82,0.9200000000000016,2.37,124764.0,651280.992
,2025-04-03,38.54,39.72,37.2,37.9,39.74,-1.840000000000004,-4.63,131386.51,659243.897
,2025-04-07,34.11,34.61,34.11,34.11,37.9,-3.789999999999999,-10.0,26101.0,117025.238
,2025-04-08,32.16,32.65,30.7,30.7,34.11,-3.41,-10.0,124707.7,512558.613
,2025-04-09,29.24,32.65,27.69,32.23,30.7,1.5299999999999976,4.98,249098.82,989805.847
,2025-04-10,33.52,34.69,32.91,33.3,32.23,1.0700000000000005,3.32,208404.9,924706.418
,2025-04-11,32.71,35.13,32.51,34.62,33.3,1.3200000000000005,3.96,150446.0,674900.194
,2025-04-14,35.41,36.64,34.66,35.5,34.62,0.8800000000000026,2.54,138917.64,648202.704
,2025-04-15,35.48,35.88,34.61,35.21,35.5,-0.2899999999999991,-0.82,94881.33,438504.178
,2025-04-16,34.9,35.04,33.04,33.5,35.21,-1.7100000000000009,-4.86,112462.11,500189.51
,2025-04-17,33.68,34.41,33.26,33.3,33.5,-0.2000000000000028,-0.6,73111.35,324537.252
,2025-04-18,33.33,33.72,32.98,33.17,33.3,-0.1299999999999954,-0.39,52591.0,229949.144
,2025-04-21,32.6,34.86,32.49,34.75,33.17,1.5799999999999983,4.76,91707.9,407519.673
,2025-04-22,34.49,34.73,33.78,33.86,34.75,-0.8900000000000006,-2.56,70091.9,314381.67
,2025-04-23,34.58,36.81,34.43,36.34,33.86,2.480000000000004,7.32,190991.54,895110.572
,2025-04-24,36.47,37.1,35.34,35.69,36.34,-0.6500000000000057,-1.79,124140.0,589240.152
,2025-04-25,35.75,36.94,35.12,36.61,35.69,0.9200000000000016,2.58,137489.0,655837.081
,2025-04-28,36.33,36.49,35.15,35.41,36.61,-1.2000000000000028,-3.28,82854.0,387108.243
,2025-04-29,35.18,38.53,34.91,37.33,35.41,1.9200000000000017,5.42,168428.11,818728.255
,2025-04-30,38.04,41.06,37.4,41.06,37.33,3.730000000000004,9.99,183819.63,945451.933
,2025-05-06,41.67,43.11,41.29,41.97,41.06,0.9099999999999966,2.22,208551.01,1154522.15
,2025-05-07,42.64,44.64,41.86,43.01,41.97,1.0399999999999991,2.48,225080.63,1272975.732
,2025-05-08,42.66,44.56,42.11,42.28,43.01,-0.7299999999999969,-1.7,179752.0,1017917.21
,2025-05-09,42.35,44.88,40.83,43.25,42.28,0.9699999999999988,2.29,249717.99,1393538.589
,2025-05-12,45.04,46.43,44.1,44.96,43.25,1.7100000000000009,3.95,235961.0,1399286.421
,2025-05-13,45.48,46.14,43.84,44.07,44.96,-0.8900000000000006,-1.98,166308.33,979215.643
,2025-05-14,43.65,46.31,43.51,44.9,44.07,0.8299999999999983,1.88,184629.33,1091164.992
,2025-05-15,44.86,45.28,42.72,44.2,44.9,-0.6999999999999957,-1.56,152421.0,877404.248
,2025-05-16,44.18,47.66,44.17,46.02,44.2,1.8200000000000005,4.12,239825.9,1456769.812
,2025-05-19,45.55,45.7,43.51,45.0,46.02,-1.0200000000000031,-2.22,185746.09,1080616.496
,2025-05-20,45.01,45.05,42.97,43.08,45.0,-1.9200000000000017,-4.27,148685.9,849346.908
,2025-05-21,42.95,43.54,42.37,42.75,43.08,-0.3299999999999983,-0.77,100563.49,566466.34
,2025-05-22,42.58,43.18,42.28,42.36,42.75,-0.3900000000000005,-0.91,62410.0,348910.714
,2025-05-23,42.05,43.95,41.92,42.42,42.36,0.0600000000000022,0.14,113856.0,642009.394
,2025-05-26,41.47,43.05,40.6,42.18,42.42,-0.240000000000002,-0.57,112380.08,615502.743
,2025-05-27,41.93,43.04,40.69,42.5,42.18,0.3200000000000003,0.76,107124.18,591490.509
,2025-05-28,42.35,42.94,41.64,41.72,42.5,-0.7800000000000011,-1.84,80613.01,446847.594
,2025-05-29,41.7,42.46,41.11,41.82,41.72,0.1000000000000014,0.24,86961.62,364610.765
,2025-05-30,41.58,41.73,39.5,39.76,41.82,-2.0600000000000023,-4.93,142799.84,576039.129
,2025-06-03,39.29,40.18,38.95,38.97,39.76,-0.7899999999999991,-1.99,99514.69,391295.851
,2025-06-04,39.08,42.8,38.91,42.13,38.97,3.160000000000004,8.11,213984.98,879000.997
,2025-06-05,42.07,43.15,40.33,42.6,42.13,0.4699999999999988,1.12,207223.59,866459.3
,2025-06-06,42.51,42.86,41.5,41.69,42.6,-0.9100000000000036,-2.14,105195.47,440630.158
,2025-06-09,41.55,43.0,41.45,41.78,41.69,0.0900000000000034,0.22,120462.82,507552.374
,2025-06-10,41.78,41.99,39.87,41.05,41.78,-0.730000000000004,-1.75,133053.96,542281.95
,2025-06-11,41.84,41.9,40.37,40.77,41.05,-0.279999999999994,-0.68,114946.3,473189.374
,2025-06-12,40.13,40.7,39.71,39.98,40.77,-0.7900000000000063,-1.94,86508.09,346609.033
,2025-06-13,39.37,39.88,38.18,38.51,39.98,-1.4699999999999989,-3.68,101632.77,394373.321
,2025-06-16,38.1,38.68,38.1,38.41,38.51,-0.1000000000000014,-0.26,58447.05,224488.092
,2025-06-17,38.42,39.0,38.1,38.36,38.41,-0.0499999999999971,-0.13,65477.01,251721.004
,2025-06-18,38.1,38.85,37.8,38.69,38.36,0.3299999999999983,0.86,69834.49,267500.369
,2025-06-19,38.5,39.68,38.4,38.92,38.69,0.2300000000000039,0.59,110214.45,430844.361
,2025-06-20,38.62,38.9,36.93,36.93,38.92,-1.990000000000002,-5.11,98489.3,369406.446
,2025-06-23,36.28,37.1,36.08,36.8,36.93,-0.1300000000000025,-0.35,71567.05,262703.724
,2025-06-24,37.26,39.0,37.18,38.72,36.8,1.9200000000000017,5.22,129609.91,496957.873
,2025-06-25,38.5,40.03,38.41,39.39,38.72,0.6700000000000017,1.73,119567.25,470151.79
,2025-06-26,39.35,40.56,39.05,39.13,39.39,-0.259999999999998,-0.66,110154.24,437339.216
,2025-06-27,39.96,39.96,38.56,38.89,39.13,-0.240000000000002,-0.61,94994.6,371485.667
,2025-06-30,39.06,39.74,38.85,39.22,38.89,0.3299999999999983,0.85,86884.1,341307.513
,2025-07-01,39.27,39.27,38.2,38.47,39.22,-0.75,-1.91,78623.4,303131.955
,2025-07-02,38.21,38.36,37.52,37.82,38.47,-0.6499999999999986,-1.69,64295.4,243364.247
,2025-07-03,37.73,38.07,37.2,37.7,37.82,-0.1199999999999974,-0.32,57432.3,216018.129
,2025-07-04,37.6,38.3,36.85,37.25,37.7,-0.4500000000000028,-1.19,98480.03,368160.236
,2025-07-07,35.0,35.1,33.6,34.15,37.25,-3.1000000000000014,-8.32,205838.18,702365.402
,2025-07-08,33.99,35.69,33.91,35.45,34.15,1.3000000000000045,3.81,139307.51,487863.204
,2025-07-09,35.58,36.6,35.41,35.66,35.45,0.2099999999999937,0.59,109104.91,392443.925
,2025-07-10,35.46,35.56,34.75,35.3,35.66,-0.3599999999999994,-1.01,80982.1,284008.918
,2025-07-11,35.3,35.8,34.86,35.47,35.3,0.1700000000000017,0.48,70246.23,248401.325
,2025-07-14,35.45,36.39,35.38,35.88,35.47,0.4100000000000037,1.16,103719.8,373086.925
,2025-07-15,35.95,35.99,35.16,35.85,35.88,-0.0300000000000011,-0.08,87500.43,311522.279
,2025-07-16,35.7,36.85,34.81,35.03,35.85,-0.8200000000000003,-2.29,226777.21,810141.739
,2025-07-17,34.94,36.6,34.57,36.43,35.03,1.3999999999999986,4.0,221083.3,795099.739
,2025-07-18,36.64,36.75,35.55,35.75,36.43,-0.6799999999999997,-1.87,130393.1,467749.609
,2025-07-21,36.06,36.93,35.76,36.44,35.75,0.6899999999999977,1.93,183804.75,670170.109
,2025-07-22,36.5,36.5,35.7,35.93,36.44,-0.509999999999998,-1.4,139655.4,501778.601
,2025-07-23,35.75,35.77,35.15,35.24,35.93,-0.6899999999999977,-1.92,97251.69,344654.96
,2025-07-24,35.3,37.5,35.2,36.6,35.24,1.3599999999999994,3.86,235951.3,865888.131
,2025-07-25,36.61,36.9,35.91,36.75,36.6,0.1499999999999985,0.41,140747.9,510718.906
,2025-07-28,37.03,37.06,36.13,36.26,36.75,-0.490000000000002,-1.33,120227.1,438625.015
,2025-07-29,36.25,39.89,36.25,39.89,36.26,3.6300000000000026,10.01,554004.82,2162453.278
,2025-07-30,40.28,40.97,39.0,39.0,39.89,-0.8900000000000006,-2.23,381734.02,1517695.157
,2025-07-31,39.04,42.01,39.04,41.04,39.0,2.039999999999999,5.23,438788.1,1789347.744
,2025-08-01,40.99,40.99,39.93,40.15,41.04,-0.8900000000000006,-2.17,233936.94,943386.975
,2025-08-04,39.61,40.36,39.02,40.36,40.15,0.2100000000000008,0.52,201482.59,804152.067
,2025-08-05,40.36,41.9,40.2,41.88,40.36,1.5200000000000031,3.77,352961.73,1454846.357
,2025-08-06,41.69,42.93,41.02,42.24,41.88,0.3599999999999994,0.86,300397.05,1265103.911
,2025-08-07,42.25,44.5,41.21,43.39,42.24,1.1499999999999986,2.72,365298.11,1559953.624
,2025-08-08,42.5,44.2,42.3,42.93,43.39,-0.4600000000000008,-1.06,276832.05,1195661.263
,2025-08-11,43.5,43.98,42.53,42.89,42.93,-0.0399999999999991,-0.09,244894.01,1054872.874
,2025-08-12,42.4,43.23,41.42,41.69,42.89,-1.2000000000000028,-2.8,234186.93,982987.153
,2025-08-13,41.46,45.86,40.89,44.65,41.69,2.960000000000001,7.1,534274.97,2345794.444
,2025-08-14,44.89,46.28,44.01,45.8,44.65,1.1499999999999986,2.58,420913.94,1907493.12
,2025-08-15,45.6,48.0,45.19,47.1,45.8,1.3000000000000045,2.84,311223.0,1450550.173
,2025-08-18,49.08,49.82,47.38,48.1,47.1,1.0,2.12,303128.8,1462376.673
,2025-08-19,48.09,48.8,46.23,47.17,48.1,-0.9299999999999996,-1.93,292086.73,1380098.826
,2025-08-20,46.93,49.28,46.75,48.54,47.17,1.3699999999999974,2.9,277097.57,1329997.429
,2025-08-21,48.2,49.15,46.1,46.24,48.54,-2.299999999999997,-4.74,256002.63,1205153.133
,2025-08-22,46.03,46.6,45.8,45.97,46.24,-0.2700000000000031,-0.58,183192.21,844072.963
,2025-08-25,46.0,48.05,45.98,46.8,45.97,0.8299999999999983,1.81,240932.91,1135789.138
,2025-08-26,46.8,46.8,45.26,45.45,46.8,-1.3499999999999943,-2.88,189041.26,866488.753
,2025-08-27,44.0,45.46,43.4,43.58,45.45,-1.8700000000000043,-4.11,227015.51,1008919.223
,2025-08-28,43.51,44.14,42.0,43.6,43.58,0.0200000000000031,0.05,202529.34,875404.857
,2025-08-29,43.58,45.09,43.01,43.84,43.6,0.240000000000002,0.55,187369.33,824181.501
,2025-09-01,43.75,44.72,43.03,43.31,43.84,-0.5300000000000011,-1.21,139195.77,606617.214
,2025-09-02,43.09,44.11,41.19,43.55,43.31,0.2399999999999948,0.55,232205.69,994402.254
,2025-09-03,43.65,43.85,42.23,42.52,43.55,-1.029999999999994,-2.37,128302.62,552014.44
,2025-09-04,42.61,43.55,40.24,41.29,42.52,-1.230000000000004,-2.89,137668.7,579761.929
,2025-09-05,41.39,43.05,41.15,42.91,41.29,1.6199999999999974,3.92,121847.58,515887.073
,2025-09-08,42.96,44.19,42.96,43.75,42.91,0.8400000000000034,1.96,142434.65,622812.198
,2025-09-09,43.74,44.99,43.28,43.69,43.75,-0.0600000000000022,-0.14,191180.51,842385.728
,2025-09-10,43.9,44.37,42.86,43.4,43.69,-0.2899999999999991,-0.66,135741.45,591836.785
,2025-09-11,43.15,44.99,42.63,44.58,43.4,1.1799999999999995,2.72,204093.56,898791.334
,2025-09-12,44.6,44.8,43.43,43.66,44.58,-0.9200000000000016,-2.06,160468.81,705877.389
,2025-09-15,43.9,44.41,43.04,43.64,43.66,-0.019999999999996,-0.05,156205.39,682480.338
,2025-09-16,44.31,45.5,44.1,45.48,43.64,1.8399999999999963,4.22,346760.79,1561853.042
,2025-09-17,45.48,47.74,44.9,47.33,45.48,1.8500000000000008,4.07,337609.61,1572291.344
,2025-09-18,47.0,48.25,45.64,46.37,47.33,-0.9600000000000009,-2.03,350487.18,1657013.043
,2025-09-19,46.08,47.0,45.5,45.97,46.37,-0.3999999999999986,-0.86,163924.68,755942.171
,2025-09-22,46.87,48.98,46.86,47.98,45.97,2.009999999999998,4.37,259180.23,1244865.481
,2025-09-23,47.84,48.35,45.18,46.11,47.98,-1.8699999999999968,-3.9,201751.77,938015.478
,2025-09-24,46.19,47.47,45.35,46.51,46.11,0.3999999999999986,0.87,148915.1,693082.024
,2025-09-25,46.48,48.5,46.25,47.47,46.51,0.9600000000000009,2.06,225516.05,1076467.102
,2025-09-26,47.2,48.98,46.8,46.87,47.47,-0.6000000000000014,-1.26,185391.8,886428.591
,2025-09-29,47.0,47.65,45.55,46.16,46.87,-0.7100000000000009,-1.51,148394.0,687977.773
,2025-09-30,46.08,46.3,45.37,45.49,46.16,-0.6699999999999946,-1.45,126453.32,577915.648
,2025-10-09,45.2,45.85,44.86,45.08,45.49,-0.4100000000000037,-0.9,106545.58,481544.39
,2025-10-10,44.92,45.6,44.18,44.28,45.08,-0.7999999999999972,-1.77,118851.81,533138.255
,2025-10-13,41.5,42.71,41.21,42.31,44.28,-1.9699999999999989,-4.45,139639.05,585514.729
,2025-10-14,42.4,43.3,40.1,40.29,42.31,-2.020000000000003,-4.77,133569.39,556101.116
,2025-10-15,40.5,42.15,39.91,41.98,40.29,1.6899999999999975,4.19,121433.24,497932.779
,2025-10-16,41.5,42.15,40.4,40.68,41.98,-1.2999999999999972,-3.1,82903.52,340908.651
,2025-10-17,40.45,40.6,38.6,38.69,40.68,-1.990000000000002,-4.89,100174.63,395502.99
,2025-10-20,39.46,40.07,38.9,39.19,38.69,0.5,1.29,80414.92,317368.37
,2025-10-21,39.24,39.55,38.63,39.5,39.19,0.3100000000000023,0.79,75702.29,296517.265
,2025-10-22,39.44,39.8,38.77,39.22,39.5,-0.2800000000000011,-0.71,71470.13,279793.979
,2025-10-23,39.21,39.21,38.0,38.64,39.22,-0.5799999999999983,-1.48,71182.15,273391.219
,2025-10-24,38.75,39.66,38.73,39.43,38.64,0.7899999999999991,2.04,70103.92,275183.384
,2025-10-27,39.92,40.1,39.05,39.54,39.43,0.1099999999999994,0.28,87455.67,346097.022
,2025-10-28,39.46,40.1,39.1,39.7,39.54,0.1600000000000037,0.4,90845.97,361050.614
,2025-10-29,39.9,40.88,39.7,40.68,39.7,0.9799999999999968,2.47,97734.34,394522.18
,2025-10-30,40.5,40.74,39.8,39.97,40.68,-0.7100000000000009,-1.75,98815.42,396979.033
,2025-10-31,39.99,40.94,39.78,40.25,39.97,0.2800000000000011,0.7,106021.08,428989.305
,2025-11-03,40.75,40.85,39.03,40.16,40.25,-0.0900000000000034,-0.22,103142.41,410720.198
,2025-11-04,39.99,40.55,39.05,39.36,40.16,-0.7999999999999972,-1.99,85084.64,337177.788
,2025-11-05,38.9,39.45,38.5,39.24,39.36,-0.1199999999999974,-0.3,47161.91,184668.732
,2025-11-06,39.27,39.88,39.25,39.65,39.24,0.4099999999999966,1.04,61164.8,242303.733
,2025-11-07,39.64,39.64,38.32,38.38,39.65,-1.269999999999996,-3.2,88682.0,343773.485
,2025-11-10,38.49,38.64,37.09,37.64,38.38,-0.740000000000002,-1.93,90477.6,340218.125
,2025-11-11,37.64,38.68,37.63,38.23,37.64,0.5899999999999963,1.57,71327.5,271879.03
,2025-11-12,38.1,38.2,37.0,37.24,38.23,-0.9899999999999948,-2.59,59548.3,222630.287
,2025-11-13,37.0,37.66,36.59,37.3,37.24,0.0599999999999951,0.16,58559.87,217777.104
,2025-11-14,36.97,39.2,36.81,38.19,37.3,0.8900000000000006,2.39,123125.62,474094.165
,2025-11-17,38.19,38.95,38.04,38.78,38.19,0.5900000000000034,1.54,68724.4,265716.39
,2025-11-18,38.78,39.0,38.06,38.29,38.78,-0.490000000000002,-1.26,51112.26,196982.734
,2025-11-19,38.19,38.77,37.75,38.01,38.29,-0.2800000000000011,-0.73,42286.2,161570.523
,2025-11-20,38.02,39.2,37.51,37.59,38.01,-0.4199999999999946,-1.1,76142.6,290962.776
,2025-11-21,37.0,37.5,36.15,36.42,37.59,-1.1700000000000017,-3.11,69270.99,254905.159
,2025-11-24,36.42,37.65,35.95,37.24,36.42,0.8200000000000003,2.25,63499.24,233751.192
,2025-11-25,37.33,37.79,37.0,37.14,37.24,-0.1000000000000014,-0.27,56841.59,212417.748
,2025-11-26,37.05,37.84,36.82,36.88,37.14,-0.259999999999998,-0.7,60404.4,225574.215
,2025-11-27,36.85,37.4,36.45,36.48,36.88,-0.4000000000000057,-1.08,65033.22,239914.171
,2025-11-28,36.48,37.05,36.13,36.82,36.48,0.3400000000000034,0.93,52717.8,193487.18
,2025-12-01,36.88,37.54,36.7,37.42,36.82,0.6000000000000014,1.63,67087.9,249986.436
,2025-12-02,37.43,38.16,37.12,37.31,37.42,-0.1099999999999994,-0.29,44420.62,166771.946
,2025-12-03,37.32,37.77,36.87,37.02,37.31,-0.2899999999999991,-0.78,48617.2,180566.756
,2025-12-04,37.48,37.48,36.36,36.8,37.02,-0.2200000000000059,-0.59,56600.3,208971.477
,2025-12-05,36.77,37.71,36.5,37.71,36.8,0.9100000000000036,2.47,72374.88,270175.087
,2025-12-08,37.65,37.96,37.55,37.8,37.71,0.0899999999999963,0.24,60286.6,227731.266
,2025-12-09,37.82,38.46,37.58,37.72,37.8,-0.0799999999999983,-0.21,55242.8,209547.39
,2025-12-10,37.73,38.98,37.45,38.62,37.72,0.8999999999999986,2.39,91521.81,351501.016
,2025-12-11,38.88,38.91,38.28,38.39,38.62,-0.2299999999999968,-0.6,66623.71,256765.176
,2025-12-12,38.2,38.88,37.92,38.32,38.39,-0.0700000000000002,-0.18,86143.24,329697.923
,2025-12-15,38.01,38.19,37.22,37.26,38.32,-1.0600000000000025,-2.77,58524.99,220539.138
,2025-12-16,37.35,37.39,36.08,36.09,37.26,-1.1699999999999946,-3.14,56465.27,205720.445
,2025-12-17,36.09,36.5,35.43,36.33,36.09,0.2399999999999948,0.67,60493.18,217448.239
,2025-12-18,36.02,36.9,35.9,36.03,36.33,-0.2999999999999971,-0.83,49112.75,178927.131
,2025-12-19,36.05,36.89,36.05,36.62,36.03,0.5899999999999963,1.64,51171.15,187421.023
,2025-12-22,36.89,37.69,36.73,37.39,36.62,0.7700000000000031,2.1,50124.71,187497.149
,2025-12-23,37.46,37.49,36.9,37.06,37.39,-0.3299999999999983,-0.88,43216.68,160441.742
,2025-12-24,37.08,37.97,36.92,37.86,37.06,0.7999999999999972,2.16,62464.9,235267.613
,2025-12-25,38.19,38.88,37.96,38.78,37.86,0.9200000000000016,2.43,86969.86,334974.491
,2025-12-26,38.7,38.9,38.01,38.14,38.78,-0.6400000000000006,-1.65,66546.64,255376.804
,2025-12-29,38.0,41.44,38.0,40.81,38.14,2.6700000000000017,7.0,210555.69,845108.175
,2025-12-30,41.0,41.88,40.5,41.37,40.81,0.5599999999999952,1.37,172665.23,715090.743
,2025-12-31,41.3,41.55,40.63,40.68,41.37,-0.6899999999999977,-1.67,97851.15,401555.034
,2026-01-05,40.76,41.28,40.39,41.15,40.68,0.4699999999999988,1.16,97762.41,398919.118
,2026-01-06,41.0,41.53,40.8,41.06,41.15,-0.0899999999999963,-0.22,76037.22,312429.584
,2026-01-07,41.4,42.08,40.88,41.36,41.06,0.2999999999999971,0.73,107605.19,446299.184
,2026-01-08,41.36,41.8,41.08,41.8,41.36,0.4399999999999977,1.06,95447.35,396260.892
,2026-01-09,41.7,43.25,41.51,42.27,41.8,0.4700000000000059,1.12,126265.1,536349.797
,2026-01-12,42.5,42.87,41.84,42.66,42.27,0.3899999999999934,0.92,114803.5,487142.407
,2026-01-13,42.67,43.58,41.52,41.69,42.66,-0.9699999999999988,-2.27,121558.03,516320.674
,2026-01-14,41.69,42.28,40.5,40.93,41.69,-0.759999999999998,-1.82,126509.9,523831.705
,2026-01-15,40.86,41.42,39.78,40.55,40.93,-0.3800000000000025,-0.93,93502.25,377895.433
,2026-01-16,40.92,41.9,40.8,41.64,40.55,1.0900000000000034,2.69,97627.59,404515.398
,2026-01-19,41.77,41.84,41.0,41.17,41.64,-0.4699999999999988,-1.13,72171.43,298842.078
,2026-01-20,41.1,41.66,40.0,40.42,41.17,-0.75,-1.82,80335.89,326339.135
,2026-01-21,40.02,41.2,39.8,40.76,40.42,0.3399999999999963,0.84,81697.79,333467.697
,2026-01-22,40.88,41.17,40.0,40.11,40.76,-0.6499999999999986,-1.59,66892.19,270202.048
,2026-01-23,40.26,40.71,39.98,40.28,40.11,0.1700000000000017,0.42,74384.65,299555.81
,2026-01-26,40.28,40.66,37.7,37.95,40.28,-2.3299999999999983,-5.78,147003.14,568333.62
,2026-01-27,37.95,38.06,36.62,37.36,37.95,-0.5900000000000034,-1.55,85122.7,316619.832
,2026-01-28,36.8,36.93,35.9,36.03,37.36,-1.3299999999999983,-3.56,108507.25,392943.067
,2026-01-29,35.8,35.95,34.76,34.79,36.03,-1.240000000000002,-3.44,103899.4,366115.366
,2026-01-30,34.79,35.35,33.9,34.99,34.79,0.2000000000000028,0.57,86879.1,300778.771
,2026-02-02,34.98,35.13,33.98,34.01,34.99,-0.980000000000004,-2.8,71331.2,245920.34
,2026-02-03,34.33,34.7,33.88,34.7,34.01,0.6900000000000048,2.03,51066.33,175684.997
,2026-02-04,34.53,34.77,34.16,34.63,34.7,-0.0700000000000002,-0.2,47107.0,162159.11
,2026-02-05,34.5,34.62,34.08,34.16,34.63,-0.4700000000000059,-1.36,48608.2,166603.602
,2026-02-06,33.91,34.78,33.73,34.43,34.16,0.2700000000000031,0.79,51682.15,177774.519
,2026-02-09,34.7,34.79,34.3,34.6,34.43,0.1700000000000017,0.49,51490.92,177927.226
,2026-02-10,34.56,35.0,34.37,34.83,34.6,0.2299999999999968,0.66,44164.32,153531.421
,2026-02-11,34.8,34.92,34.5,34.68,34.83,-0.1499999999999985,-0.43,35615.3,123936.305
,2026-02-12,34.68,35.0,34.61,34.81,34.68,0.1300000000000025,0.37,46751.79,162850.166
,2026-02-13,34.68,35.1,34.58,34.7,34.81,-0.1099999999999994,-0.32,39269.8,136851.81
,2026-02-24,35.0,35.15,34.72,34.79,34.7,0.0899999999999963,0.26,45248.62,157692.14
,2026-02-25,34.72,35.13,34.58,34.95,34.79,0.1600000000000037,0.46,46696.53,163168.484
,2026-02-26,34.95,36.6,34.63,36.49,34.95,1.5399999999999991,4.41,115979.82,415058.159
,2026-02-27,36.21,36.34,35.64,36.19,36.49,-0.3000000000000042,-0.82,56258.08,202339.048
,2026-03-02,35.2,35.8,34.69,34.96,36.19,-1.2299999999999969,-3.4,66581.64,233550.45
,2026-03-03,34.8,34.96,33.1,33.13,34.96,-1.8299999999999983,-5.23,68133.76,231886.398
,2026-03-04,32.7,33.68,32.52,32.9,33.13,-0.2300000000000039,-0.69,39783.32,131728.877
,2026-03-05,33.41,33.78,32.92,33.18,32.9,0.2800000000000011,0.85,31952.64,106402.089
,2026-03-06,33.05,33.79,33.0,33.72,33.18,0.5399999999999991,1.63,31094.32,104204.554
,2026-03-09,33.39,33.39,32.23,33.1,33.72,-0.6199999999999974,-1.84,50126.38,164126.198
,2026-03-10,33.52,33.85,33.4,33.78,33.1,0.6799999999999997,2.05,36461.04,122723.545
,2026-03-11,33.89,34.02,33.61,33.74,33.78,-0.0399999999999991,-0.12,36181.77,122135.653
,2026-03-12,33.57,33.74,32.88,32.99,33.74,-0.75,-2.22,39239.91,130078.285
,2026-03-13,32.79,33.35,32.62,33.05,32.99,0.0599999999999951,0.18,33685.76,111012.231
,2026-03-16,32.98,32.98,32.28,32.4,33.05,-0.6499999999999986,-1.97,33401.86,108308.864
,2026-03-17,32.53,32.75,31.75,31.81,32.4,-0.5899999999999999,-1.82,32664.07,105421.724
,2026-03-18,31.74,31.99,31.19,31.68,31.81,-0.129999999999999,-0.41,35350.3,111196.708
,2026-03-19,31.41,31.41,30.46,30.73,31.68,-0.9499999999999992,-3.0,59192.44,182366.913
,2026-03-20,30.73,31.1,30.2,30.2,30.73,-0.5300000000000011,-1.72,42507.67,130632.366
,2026-03-23,29.71,30.0,28.06,28.43,30.2,-1.7699999999999996,-5.86,61299.75,177913.776
,2026-03-24,29.0,29.13,28.13,28.76,28.43,0.3300000000000018,1.16,45681.3,130464.375
,2026-03-25,28.85,29.59,28.8,29.44,28.76,0.6799999999999997,2.36,39356.34,115404.874
,2026-03-26,29.44,29.73,28.84,28.97,29.44,-0.4700000000000024,-1.6,33047.27,96615.274
,2026-03-27,28.53,29.25,28.3,29.04,28.97,0.0700000000000002,0.24,27710.5,80191.661
,2026-03-30,28.7,29.0,28.25,28.63,29.04,-0.4100000000000001,-1.41,38531.13,109867.378
,2026-03-31,28.64,29.14,28.51,28.53,28.63,-0.0999999999999978,-0.35,33224.67,95596.93
,2026-04-01,28.99,29.45,28.9,29.41,28.53,0.879999999999999,3.08,48687.2,142226.555
,2026-04-02,29.36,29.36,28.35,28.56,29.41,-0.8500000000000014,-2.89,39682.1,114061.983
,2026-04-03,28.68,28.69,27.71,27.71,28.56,-0.8499999999999979,-2.98,33383.0,93570.035
,2026-04-07,27.65,28.34,27.65,28.0,27.71,0.2899999999999991,1.05,25674.1,72033.318
,2026-04-08,28.62,29.4,28.62,29.37,28.0,1.370000000000001,4.89,51323.16,148935.528
,2026-04-09,29.12,29.75,28.76,29.42,29.37,0.0500000000000007,0.17,54111.81,158279.11
,2026-04-10,29.8,30.88,29.7,30.48,29.42,1.0599999999999987,3.6,75464.75,229970.298
,2026-04-13,30.35,31.19,30.23,30.55,30.48,0.0700000000000002,0.23,58292.46,179196.123
,2026-04-14,30.86,31.07,30.3,30.97,30.55,0.4199999999999981,1.37,50115.38,153888.469
,2026-04-15,31.01,31.13,30.42,30.5,30.97,-0.4699999999999988,-1.52,35906.1,110460.745
,2026-04-16,30.75,31.23,30.54,31.07,30.5,0.5700000000000003,1.87,51355.5,159031.549
,2026-04-17,31.07,31.17,30.75,31.02,31.07,-0.0500000000000007,-0.16,32479.86,100475.481
,2026-04-20,31.0,31.24,30.8,30.95,31.02,-0.0700000000000002,-0.23,40320.41,125141.556
,2026-04-21,30.95,31.22,30.67,31.02,30.95,0.0700000000000002,0.23,41645.84,128722.009
,2026-04-22,31.02,31.35,30.76,31.23,31.02,0.2100000000000008,0.68,39721.59,123566.443
,2026-04-23,31.01,31.09,29.9,30.0,31.23,-1.2300000000000004,-3.94,70984.22,214716.936
,2026-04-24,29.9,30.12,29.75,29.81,30.0,-0.1900000000000012,-0.63,45160.57,135214.02
,2026-04-27,29.8,31.26,29.59,30.46,29.81,0.6500000000000021,2.18,72845.4,223598.206
,2026-04-28,30.47,31.4,30.16,30.76,30.46,0.3000000000000007,0.98,67874.8,209914.288
,2026-04-29,29.14,29.88,28.86,29.64,30.76,-1.120000000000001,-3.64,101927.41,298735.359
,2026-04-30,29.58,29.68,29.28,29.43,29.64,-0.2100000000000008,-0.71,42673.49,125560.045
,2026-05-06,29.72,31.6,29.55,30.82,29.43,1.3900000000000006,4.72,91139.82,279101.57
,2026-05-07,30.91,31.9,30.67,31.75,30.82,0.9299999999999996,3.02,68670.3,216423.411
,2026-05-08,31.76,34.93,31.44,34.93,31.75,3.18,10.02,177359.77,605434.171
,2026-05-11,34.44,35.46,33.6,35.17,34.93,0.240000000000002,0.69,200243.84,694035.981
