ts_code,date,open,high,low,close,pre_close,change,pct_chg,volume,amount
,2024-01-02,6.04,6.3,6.02,6.27,6.03,0.2399999999999993,3.98,130096.22,81393.732
,2024-01-03,6.24,6.28,6.2,6.28,6.27,0.0100000000000006,0.16,68153.75,42819.594
,2024-01-04,6.26,6.35,6.26,6.32,6.28,0.04,0.64,69369.13,44015.979
,2024-01-05,6.33,6.37,6.2,6.23,6.32,-0.0899999999999998,-1.42,67834.0,42905.171
,2024-01-08,6.25,6.3,6.1,6.11,6.23,-0.1200000000000001,-1.93,51901.34,32261.787
,2024-01-09,6.11,6.16,6.01,6.07,6.11,-0.04,-0.65,53193.0,32568.194
,2024-01-10,6.08,6.14,6.0,6.06,6.07,-0.0100000000000006,-0.16,43588.01,26638.734
,2024-01-11,6.1,6.13,6.03,6.11,6.06,0.0500000000000007,0.83,50004.01,30649.618
,2024-01-12,6.28,6.54,6.27,6.27,6.11,0.1599999999999992,2.62,222570.15,142620.25
,2024-01-15,6.24,6.25,6.07,6.09,6.27,-0.1799999999999997,-2.87,132908.54,81918.213
,2024-01-16,6.07,6.11,5.95,6.06,6.09,-0.0300000000000002,-0.49,100765.0,61178.132
,2024-01-17,6.04,6.08,5.92,5.92,6.06,-0.1399999999999996,-2.31,61240.0,37042.082
,2024-01-18,5.9,5.91,5.65,5.78,5.92,-0.1399999999999996,-2.36,109008.0,63174.669
,2024-01-19,5.77,5.82,5.71,5.74,5.78,-0.04,-0.69,54878.0,31799.207
,2024-01-22,5.72,5.73,5.27,5.33,5.74,-0.4100000000000001,-7.14,113224.0,62624.675
,2024-01-23,5.27,5.38,5.15,5.36,5.33,0.0300000000000002,0.56,90448.46,47913.815
,2024-01-24,5.38,5.53,5.29,5.53,5.36,0.1699999999999999,3.17,99018.29,53954.446
,2024-01-25,5.53,5.85,5.49,5.85,5.53,0.3199999999999994,5.79,113163.98,64933.965
,2024-01-26,5.85,6.14,5.8,5.97,5.85,0.1200000000000001,2.05,128492.56,77834.128
,2024-01-29,5.98,6.0,5.7,5.73,5.97,-0.2399999999999993,-4.02,99317.5,58147.413
,2024-01-30,5.7,5.78,5.63,5.63,5.73,-0.1000000000000005,-1.75,82650.0,47381.087
,2024-01-31,5.62,5.7,5.36,5.42,5.63,-0.2099999999999999,-3.73,104590.7,57911.257
,2024-02-01,5.35,5.4,5.16,5.25,5.42,-0.1699999999999999,-3.14,117123.03,62179.276
,2024-02-02,5.25,5.33,4.74,4.96,5.25,-0.29,-5.52,144138.38,73016.268
,2024-02-05,4.88,4.92,4.46,4.46,4.96,-0.5,-10.08,189275.5,86137.878
,2024-02-06,4.24,4.61,4.07,4.4,4.46,-0.0599999999999996,-1.35,198395.36,85576.963
,2024-02-07,4.4,4.47,4.16,4.23,4.4,-0.1699999999999999,-3.86,197607.91,85426.621
,2024-02-08,4.27,4.61,4.19,4.61,4.23,0.3799999999999999,8.98,182820.74,80873.578
,2024-02-19,4.65,4.95,4.65,4.8,4.61,0.1899999999999995,4.12,169880.23,82248.612
,2024-02-20,4.81,4.81,4.63,4.78,4.8,-0.0199999999999995,-0.42,74384.95,35499.614
,2024-02-21,4.75,5.02,4.72,4.86,4.78,0.08,1.67,100501.46,49537.899
,2024-02-22,4.85,4.95,4.81,4.94,4.86,0.08,1.65,59861.0,29474.562
,2024-02-23,4.94,5.07,4.93,5.07,4.94,0.1299999999999999,2.63,86390.47,43519.865
,2024-02-26,5.08,5.17,5.01,5.1,5.07,0.0299999999999993,0.59,107140.1,54907.486
,2024-02-27,5.07,5.19,5.04,5.19,5.1,0.0900000000000007,1.76,97078.01,49928.98
,2024-02-28,5.19,5.32,4.87,4.88,5.19,-0.3100000000000005,-5.97,152058.58,77945.217
,2024-02-29,4.89,5.03,4.85,5.02,4.88,0.1399999999999996,2.87,94906.22,47313.163
,2024-03-01,5.09,5.13,5.0,5.08,5.02,0.0600000000000005,1.2,89697.7,45679.972
,2024-03-04,5.07,5.09,4.92,5.03,5.08,-0.0499999999999998,-0.98,79795.64,40082.735
,2024-03-05,4.99,4.99,4.86,4.88,5.03,-0.1500000000000003,-2.98,79659.17,39299.701
,2024-03-06,4.89,5.0,4.89,4.92,4.88,0.04,0.82,69211.5,34424.293
,2024-03-07,4.93,5.02,4.93,4.94,4.92,0.0200000000000004,0.41,72402.46,36174.069
,2024-03-08,4.97,5.01,4.92,5.0,4.94,0.0599999999999996,1.21,51707.09,25867.188
,2024-03-11,5.01,5.09,5.0,5.09,5.0,0.0899999999999998,1.8,71036.62,36071.064
,2024-03-12,5.1,5.13,5.02,5.11,5.09,0.0200000000000004,0.39,57964.2,29609.827
,2024-03-13,5.13,5.13,5.05,5.1,5.11,-0.0100000000000006,-0.2,50499.3,25823.265
,2024-03-14,5.09,5.18,5.03,5.12,5.1,0.0200000000000004,0.39,76230.3,39198.498
,2024-03-15,5.09,5.29,5.08,5.27,5.12,0.1499999999999994,2.93,113540.2,59535.249
,2024-03-18,5.3,5.35,5.23,5.31,5.27,0.04,0.76,88732.91,47115.671
,2024-03-19,5.3,5.33,5.27,5.29,5.31,-0.0199999999999995,-0.38,67110.34,35779.281
,2024-03-20,5.29,5.34,5.27,5.33,5.29,0.04,0.76,72583.0,38792.019
,2024-03-21,5.29,5.37,5.27,5.35,5.33,0.0199999999999995,0.38,62019.3,33203.661
,2024-03-22,5.32,5.35,5.23,5.27,5.35,-0.08,-1.5,63747.0,33869.609
,2024-03-25,5.24,5.33,5.2,5.21,5.27,-0.0599999999999996,-1.14,61568.0,32693.542
,2024-03-26,5.21,5.29,5.18,5.28,5.21,0.0700000000000002,1.34,68789.0,36282.449
,2024-03-27,5.28,5.31,5.17,5.17,5.28,-0.1100000000000003,-2.08,50960.0,26863.295
,2024-03-28,5.16,5.27,5.15,5.21,5.17,0.04,0.77,63440.0,33269.0
,2024-03-29,5.17,5.42,5.17,5.38,5.21,0.1699999999999999,3.26,99135.9,53166.659
,2024-04-01,5.36,5.38,5.26,5.38,5.38,0.0,0.0,116714.3,62595.109
,2024-04-02,5.37,5.45,5.31,5.42,5.38,0.04,0.74,104455.88,56790.737
,2024-04-03,5.42,5.5,5.36,5.49,5.42,0.0700000000000002,1.29,83061.13,45349.94
,2024-04-08,5.48,5.48,5.35,5.36,5.49,-0.1299999999999999,-2.37,84567.1,45983.543
,2024-04-09,5.36,5.43,5.35,5.41,5.36,0.0499999999999998,0.93,54718.9,29681.113
,2024-04-10,5.41,5.43,5.28,5.33,5.41,-0.08,-1.48,57482.0,30891.62
,2024-04-11,5.27,5.46,5.24,5.4,5.33,0.0700000000000002,1.31,71083.66,38610.65
,2024-04-12,5.4,5.41,5.29,5.3,5.4,-0.1000000000000005,-1.85,57100.5,30651.339
,2024-04-15,5.31,5.33,4.95,5.05,5.3,-0.25,-4.72,134792.9,68912.565
,2024-04-16,4.99,5.0,4.66,4.67,5.05,-0.3799999999999999,-7.52,131104.8,63269.497
,2024-04-17,4.72,5.06,4.72,5.06,4.67,0.3899999999999997,8.35,108100.04,53966.415
,2024-04-18,5.06,5.12,4.97,4.99,5.06,-0.0699999999999994,-1.38,75735.0,38460.151
,2024-04-19,4.97,5.17,4.94,5.05,4.99,0.0599999999999996,1.2,65779.13,33492.903
,2024-04-22,5.09,5.09,4.91,4.96,5.05,-0.0899999999999998,-1.78,62577.97,31278.684
,2024-04-23,4.93,5.02,4.9,4.94,4.96,-0.0199999999999995,-0.4,48697.6,24223.138
,2024-04-24,4.98,4.99,4.92,4.98,4.94,0.04,0.81,38640.83,19279.626
,2024-04-25,4.99,5.19,4.98,5.09,4.98,0.1099999999999994,2.21,71287.13,36626.581
,2024-04-26,5.07,5.21,5.04,5.18,5.09,0.0899999999999998,1.77,62276.5,32154.457
,2024-04-29,5.17,5.33,5.15,5.33,5.18,0.1500000000000003,2.9,64013.87,33919.106
,2024-04-30,5.34,5.34,5.21,5.27,5.33,-0.0600000000000005,-1.13,72227.93,38219.225
,2024-05-06,5.31,5.39,5.31,5.39,5.27,0.1200000000000001,2.28,79783.3,42972.038
,2024-05-07,5.4,5.4,5.32,5.37,5.39,-0.0199999999999995,-0.37,49866.0,26844.288
,2024-05-08,5.36,5.4,5.31,5.32,5.37,-0.0499999999999998,-0.93,58758.36,31643.567
,2024-05-09,5.35,5.46,5.35,5.4,5.32,0.08,1.5,58320.48,31674.637
,2024-05-10,5.41,5.87,5.38,5.53,5.4,0.1299999999999999,2.41,285606.57,161493.108
,2024-05-13,5.52,5.6,5.43,5.48,5.53,-0.0499999999999998,-0.9,209855.96,115852.569
,2024-05-14,5.43,5.49,5.42,5.47,5.48,-0.0100000000000006,-0.18,119281.6,65415.907
,2024-05-15,5.48,5.48,5.39,5.4,5.47,-0.0699999999999994,-1.28,72177.0,39500.883
,2024-05-16,5.39,5.46,5.38,5.4,5.4,0.0,0.0,50566.6,27613.777
,2024-05-17,5.43,5.47,5.38,5.47,5.4,0.0699999999999994,1.3,61493.0,33544.911
,2024-05-20,5.47,5.48,5.4,5.42,5.47,-0.0499999999999998,-0.91,70692.0,38664.628
,2024-05-21,5.4,5.42,5.33,5.35,5.42,-0.0700000000000002,-1.29,67473.0,36399.812
,2024-05-22,5.32,5.42,5.32,5.38,5.35,0.0300000000000002,0.56,50596.3,27396.752
,2024-05-23,5.37,5.37,5.18,5.21,5.38,-0.1699999999999999,-3.16,91928.6,48546.654
,2024-05-24,5.62,5.66,5.32,5.32,5.21,0.1100000000000003,2.11,261961.64,144981.872
,2024-05-27,5.32,5.42,5.19,5.28,5.32,-0.04,-0.75,197181.62,104655.07
,2024-05-28,5.23,5.39,5.2,5.34,5.28,0.0599999999999996,1.14,102157.0,54646.004
,2024-05-29,5.34,5.4,5.27,5.35,5.34,0.0099999999999997,0.19,64744.3,34771.738
,2024-05-30,5.46,5.67,5.34,5.34,5.35,-0.0099999999999997,-0.19,162343.0,89659.898
,2024-05-31,5.33,5.37,5.2,5.2,5.34,-0.1399999999999996,-2.62,112925.0,59522.85
,2024-06-03,5.19,5.23,5.0,5.08,5.2,-0.1200000000000001,-2.31,102472.67,52465.925
,2024-06-04,5.12,5.12,4.98,5.09,5.08,0.0099999999999997,0.2,65875.5,33460.782
,2024-06-05,5.14,5.15,5.03,5.04,5.09,-0.0499999999999998,-0.98,60042.82,30745.206
,2024-06-06,5.02,5.06,4.82,4.84,5.04,-0.2000000000000001,-3.97,103026.63,50830.805
,2024-06-07,4.88,5.0,4.85,4.99,4.84,0.1500000000000003,3.1,81231.51,40479.089
,2024-06-11,4.99,4.99,4.9,4.96,4.99,-0.0300000000000002,-0.6,51785.01,25716.928
,2024-06-12,4.92,5.04,4.92,5.02,4.96,0.0599999999999996,1.21,51345.23,25850.046
,2024-06-13,5.01,5.03,4.96,4.97,5.02,-0.0499999999999998,-1.0,40789.9,20451.814
,2024-06-14,4.96,5.04,4.93,5.01,4.97,0.04,0.8,52511.0,26385.309
,2024-06-17,5.03,5.08,4.98,5.01,5.01,0.0,0.0,48455.0,24485.7
,2024-06-18,5.01,5.03,4.97,5.03,5.01,0.0200000000000004,0.4,41911.88,21107.304
,2024-06-19,5.02,5.04,4.98,4.99,5.03,-0.04,-0.8,30564.42,15383.839
,2024-06-20,4.98,4.99,4.84,4.88,4.99,-0.1100000000000003,-2.2,43594.23,21520.338
,2024-06-21,4.86,4.95,4.86,4.9,4.88,0.0200000000000004,0.41,27995.3,13753.149
,2024-06-24,4.88,4.88,4.71,4.71,4.9,-0.1900000000000004,-3.88,50831.21,24318.728
,2024-06-25,4.71,4.78,4.7,4.74,4.71,0.0300000000000002,0.64,34267.69,16240.7
,2024-06-26,4.75,4.83,4.69,4.82,4.74,0.08,1.69,40696.0,19370.334
,2024-06-27,4.83,4.83,4.74,4.74,4.82,-0.08,-1.66,34356.0,16426.911
,2024-06-28,4.73,4.8,4.68,4.69,4.74,-0.0499999999999998,-1.05,57124.39,27119.305
,2024-07-01,4.72,4.81,4.69,4.81,4.69,0.1199999999999992,2.56,50421.98,23990.353
,2024-07-02,4.82,4.87,4.79,4.86,4.81,0.0500000000000007,1.04,40898.79,19813.513
,2024-07-03,4.87,4.87,4.8,4.81,4.86,-0.0500000000000007,-1.03,34730.3,16770.264
,2024-07-04,4.79,4.83,4.65,4.68,4.81,-0.1299999999999999,-2.7,43791.68,20643.159
,2024-07-05,4.67,4.72,4.61,4.7,4.68,0.0200000000000004,0.43,37915.01,17732.88
,2024-07-08,4.7,4.7,4.54,4.56,4.7,-0.1400000000000005,-2.98,46866.86,21530.357
,2024-07-09,4.6,4.67,4.48,4.65,4.56,0.0900000000000007,1.97,39286.61,17972.559
,2024-07-10,4.65,4.69,4.59,4.63,4.65,-0.0200000000000004,-0.43,33996.75,15785.337
,2024-07-11,4.7,4.81,4.67,4.8,4.63,0.1699999999999999,3.67,57025.25,27157.179
,2024-07-12,4.8,4.93,4.79,4.83,4.8,0.0300000000000002,0.63,55465.61,26917.175
,2024-07-15,4.8,4.83,4.71,4.74,4.83,-0.0899999999999998,-1.86,33331.0,15888.493
,2024-07-16,4.84,5.13,4.73,4.75,4.74,0.0099999999999997,0.21,123367.4,60001.418
,2024-07-17,4.72,4.74,4.62,4.63,4.75,-0.1200000000000001,-2.53,77147.61,35934.221
,2024-07-18,4.6,4.66,4.55,4.62,4.63,-0.0099999999999997,-0.22,35750.4,16449.651
,2024-07-19,4.59,4.69,4.57,4.67,4.62,0.0499999999999998,1.08,38164.29,17647.1
,2024-07-22,4.68,4.71,4.62,4.68,4.67,0.0099999999999997,0.21,34553.0,16121.178
,2024-07-23,4.7,4.78,4.65,4.66,4.68,-0.0199999999999995,-0.43,49307.53,23290.996
,2024-07-24,4.64,4.72,4.59,4.63,4.66,-0.0300000000000002,-0.64,43296.9,20107.879
,2024-07-25,4.6,4.75,4.57,4.74,4.63,0.1100000000000003,2.38,48738.0,22759.124
,2024-07-26,4.75,4.8,4.73,4.78,4.74,0.04,0.84,37244.0,17767.459
,2024-07-29,4.79,4.85,4.75,4.84,4.78,0.0599999999999996,1.26,35253.0,16966.51
,2024-07-30,4.83,4.9,4.82,4.9,4.84,0.0600000000000005,1.24,43860.9,21345.79
,2024-07-31,4.91,4.99,4.87,4.98,4.9,0.08,1.63,50487.95,24981.133
,2024-08-01,4.99,5.02,4.94,4.96,4.98,-0.0200000000000004,-0.4,43290.0,21498.96
,2024-08-02,4.93,4.99,4.89,4.9,4.96,-0.0599999999999996,-1.21,39401.0,19446.339
,2024-08-05,4.95,4.99,4.84,4.85,4.9,-0.0500000000000007,-1.02,46647.5,22927.206
,2024-08-06,4.87,4.92,4.87,4.9,4.85,0.0500000000000007,1.03,28701.0,14035.859
,2024-08-07,4.9,4.94,4.88,4.92,4.9,0.0199999999999995,0.41,22498.3,11056.2
,2024-08-08,4.94,4.94,4.87,4.92,4.92,0.0,0.0,25426.0,12478.762
,2024-08-09,4.94,4.99,4.9,4.94,4.92,0.0200000000000004,0.41,34392.58,17020.612
,2024-08-12,5.09,5.15,4.92,4.92,4.94,-0.0200000000000004,-0.4,115870.14,58118.018
,2024-08-13,4.9,5.05,4.87,5.04,4.92,0.1200000000000001,2.44,83574.0,41669.304
,2024-08-14,5.02,5.09,5.01,5.03,5.04,-0.0099999999999997,-0.2,37148.0,18734.14
,2024-08-15,4.99,5.04,4.95,4.99,5.03,-0.04,-0.8,41576.78,20776.435
,2024-08-16,4.98,5.01,4.93,4.96,4.99,-0.0300000000000002,-0.6,49730.0,24670.036
,2024-08-19,4.96,4.98,4.91,4.93,4.96,-0.0300000000000002,-0.6,28468.0,14057.616
,2024-08-20,4.96,4.97,4.84,4.86,4.93,-0.0699999999999994,-1.42,34084.89,16653.529
,2024-08-21,4.86,4.87,4.79,4.81,4.86,-0.0500000000000007,-1.03,27405.2,13222.785
,2024-08-22,4.82,4.84,4.71,4.74,4.81,-0.0699999999999994,-1.46,37489.18,17830.274
,2024-08-23,4.74,4.74,4.66,4.71,4.74,-0.0300000000000002,-0.63,28679.0,13463.968
,2024-08-26,4.72,4.77,4.68,4.76,4.71,0.0499999999999998,1.06,23050.0,10923.305
,2024-08-27,4.75,4.78,4.67,4.7,4.76,-0.0599999999999996,-1.26,21746.0,10225.762
,2024-08-28,4.7,4.76,4.67,4.71,4.7,0.0099999999999997,0.21,22864.31,10799.293
,2024-08-29,4.71,4.8,4.67,4.78,4.71,0.0700000000000002,1.49,27859.22,13212.982
,2024-08-30,4.78,4.83,4.71,4.78,4.78,0.0,0.0,63927.57,30528.314
,2024-09-02,4.76,4.81,4.73,4.73,4.78,-0.0499999999999998,-1.05,30824.92,14682.116
,2024-09-03,4.73,4.74,4.67,4.69,4.73,-0.04,-0.85,31523.5,14822.574
,2024-09-04,4.66,4.67,4.62,4.64,4.69,-0.0500000000000007,-1.07,33359.0,15486.012
,2024-09-05,4.63,4.69,4.63,4.68,4.64,0.04,0.86,19514.0,9112.802
,2024-09-06,4.67,4.67,4.61,4.61,4.68,-0.0699999999999994,-1.5,26714.0,12384.43
,2024-09-09,4.61,4.66,4.56,4.64,4.61,0.0299999999999993,0.65,26842.66,12420.031
,2024-09-10,4.66,4.68,4.57,4.64,4.64,0.0,0.0,21598.4,9962.727
,2024-09-11,4.64,4.64,4.56,4.58,4.64,-0.0599999999999996,-1.29,22680.0,10403.671
,2024-09-12,4.58,4.69,4.58,4.67,4.58,0.0899999999999998,1.97,31849.8,14832.441
,2024-09-13,4.69,4.71,4.64,4.68,4.67,0.0099999999999997,0.21,24789.3,11631.641
,2024-09-18,4.68,4.71,4.61,4.71,4.68,0.0300000000000002,0.64,37384.0,17443.223
,2024-09-19,4.71,4.81,4.69,4.8,4.71,0.0899999999999998,1.91,38289.2,18226.706
,2024-09-20,4.82,4.83,4.78,4.83,4.8,0.0300000000000002,0.63,34319.8,16504.287
,2024-09-23,4.82,4.97,4.78,4.96,4.83,0.1299999999999999,2.69,57574.61,28197.991
,2024-09-24,4.98,5.14,4.96,5.1,4.96,0.1399999999999996,2.82,94730.1,48082.603
,2024-09-25,5.15,5.32,5.12,5.22,5.1,0.1200000000000001,2.35,103244.0,54132.124
,2024-09-26,5.23,5.32,5.22,5.31,5.22,0.0899999999999998,1.72,79021.51,41546.715
,2024-09-27,5.35,5.45,5.32,5.42,5.31,0.1100000000000003,2.07,72720.4,39182.809
,2024-10-21,5.96,5.96,5.96,5.96,5.42,0.54,9.96,21321.5,12707.614
,2024-10-22,6.56,6.56,6.56,6.56,5.96,0.5999999999999996,10.07,25600.0,16793.6
,2024-10-23,7.22,7.22,7.22,7.22,6.56,0.6600000000000001,10.06,35554.88,25670.623
,2024-10-24,7.94,7.94,7.94,7.94,7.22,0.7200000000000006,9.97,66023.44,52422.611
,2024-10-25,8.73,8.73,8.73,8.73,7.94,0.79,9.95,40428.31,35293.915
,2024-10-28,9.6,9.6,9.6,9.6,8.73,0.8699999999999992,9.97,22938.61,22021.066
,2024-10-29,10.56,10.56,10.56,10.56,9.6,0.9600000000000009,10.0,19486.49,20577.733
,2024-10-30,11.62,11.62,11.62,11.62,10.56,1.0599999999999987,10.04,42590.78,49490.486
,2024-10-31,12.78,12.78,12.7,12.78,11.62,1.16,9.98,1006326.91,1286056.963
,2024-11-01,13.5,14.06,13.1,14.0,12.78,1.2200000000000006,9.55,2022910.57,2802791.913
,2024-11-04,12.6,12.6,12.6,12.6,14.0,-1.4000000000000004,-10.0,167501.0,211051.26
,2024-11-05,11.34,13.47,11.34,12.73,12.6,0.1300000000000007,1.03,1262151.58,1529922.572
,2024-11-06,12.5,12.99,11.46,11.52,12.73,-1.2100000000000009,-9.51,986804.52,1205907.078
,2024-11-07,11.55,12.67,11.55,12.67,11.52,1.1500000000000004,9.98,692165.32,853857.656
,2024-11-08,13.8,13.94,13.41,13.94,12.67,1.2699999999999996,10.02,311488.52,431336.532
,2024-11-11,15.33,15.33,13.59,14.88,13.94,0.9400000000000012,6.74,1457091.54,2146561.204
,2024-11-12,15.6,16.37,15.59,16.37,14.88,1.4900000000000002,10.01,1128258.75,1836254.685
,2024-11-13,14.73,16.1,14.73,14.92,16.37,-1.450000000000001,-8.86,1452085.38,2177707.77
,2024-11-14,15.5,16.32,14.0,14.62,14.92,-0.3000000000000007,-2.01,1177491.16,1829233.113
,2024-11-15,15.29,16.08,13.97,14.05,14.62,-0.5699999999999985,-3.9,1619726.81,2481784.253
,2024-11-18,14.22,14.68,12.65,13.31,14.05,-0.7400000000000002,-5.27,1230620.09,1637592.446
,2024-11-19,13.13,14.64,12.91,14.64,13.31,1.33,9.99,1232512.01,1728682.372
,2024-11-20,14.94,16.0,14.32,15.48,14.64,0.8399999999999999,5.74,1253644.96,1932149.451
,2024-11-21,15.29,15.62,13.93,14.19,15.48,-1.290000000000001,-8.33,1078705.97,1571006.622
,2024-11-22,13.81,14.62,13.7,14.16,14.19,-0.0299999999999993,-0.21,817812.48,1163114.367
,2024-11-25,14.0,14.16,12.9,13.34,14.16,-0.8200000000000003,-5.79,622352.22,832342.823
,2024-11-26,13.3,13.85,12.7,12.8,13.34,-0.5399999999999991,-4.05,527988.9,698811.257
,2024-11-27,12.84,14.08,12.66,14.08,12.8,1.2799999999999994,10.0,606053.76,824719.267
,2024-11-28,14.05,14.8,14.0,14.09,14.08,0.0099999999999997,0.07,758336.02,1085578.319
,2024-11-29,15.0,15.5,14.31,15.5,14.09,1.41,10.01,442172.29,678715.828
,2024-12-02,16.0,17.05,15.97,17.05,15.5,1.5500000000000007,10.0,349394.58,582114.357
,2024-12-03,18.76,18.76,18.0,18.0,17.05,0.9499999999999992,5.57,328349.0,597742.483
,2024-12-04,19.8,19.8,16.2,17.1,18.0,-0.8999999999999986,-5.0,2072010.55,3901274.124
,2024-12-05,17.25,17.67,15.58,15.87,17.1,-1.2300000000000022,-7.19,1521748.3,2520049.719
,2024-12-06,15.33,15.69,14.46,14.83,15.87,-1.0399999999999991,-6.55,1061981.34,1583471.709
,2024-12-09,14.55,15.76,14.51,15.23,14.83,0.4000000000000003,2.7,777838.75,1191783.412
,2024-12-10,15.57,15.73,14.7,14.78,15.23,-0.450000000000001,-2.95,695805.37,1053339.477
,2024-12-11,14.76,15.94,14.55,15.53,14.78,0.75,5.07,820323.16,1253654.149
,2024-12-12,15.26,16.29,15.26,15.91,15.53,0.3800000000000008,2.45,698329.22,1107458.763
,2024-12-13,15.93,16.02,15.15,15.26,15.91,-0.6500000000000004,-4.09,593952.73,923317.121
,2024-12-16,15.27,15.27,14.5,14.67,15.26,-0.5899999999999999,-3.87,505646.35,748694.039
,2024-12-17,14.51,14.6,13.65,14.0,14.67,-0.6699999999999999,-4.57,532101.85,745376.279
,2024-12-18,14.45,15.4,14.45,14.81,14.0,0.8100000000000005,5.79,868809.35,1310009.085
,2024-12-19,14.25,14.82,13.9,14.11,14.81,-0.7000000000000011,-4.73,508461.1,724092.207
,2024-12-20,14.01,14.39,13.85,13.91,14.11,-0.1999999999999993,-1.42,369849.58,521205.221
,2024-12-23,13.81,14.04,13.41,13.49,13.91,-0.4199999999999999,-3.02,305004.01,415400.63
,2024-12-24,13.44,13.75,13.22,13.69,13.49,0.1999999999999993,1.48,279078.14,376764.957
,2024-12-25,13.57,14.07,13.16,13.76,13.69,0.0700000000000002,0.51,306078.0,415906.882
,2024-12-26,13.56,14.1,13.47,13.75,13.76,-0.0099999999999997,-0.07,285575.14,393522.54
,2024-12-27,13.75,13.92,13.46,13.53,13.75,-0.2200000000000006,-1.6,240080.0,328590.344
,2024-12-30,13.4,13.53,13.12,13.14,13.53,-0.3899999999999988,-2.88,206527.73,273761.981
,2024-12-31,13.29,13.66,12.89,12.99,13.14,-0.1500000000000003,-1.14,286369.2,379364.7
,2025-01-02,13.0,13.49,12.91,13.19,12.99,0.1999999999999993,1.54,368232.47,486270.703
,2025-01-03,13.0,13.12,12.0,12.2,13.19,-0.9900000000000002,-7.51,383220.85,476848.857
,2025-01-06,12.01,12.08,11.43,11.62,12.2,-0.5800000000000001,-4.75,331359.86,387611.757
,2025-01-07,11.65,11.92,11.51,11.89,11.62,0.2700000000000013,2.32,255837.1,301021.738
,2025-01-08,11.79,12.88,11.65,12.52,11.89,0.629999999999999,5.3,445999.6,541993.365
,2025-01-09,12.3,13.26,12.25,12.6,12.52,0.08,0.64,456638.3,582002.429
,2025-01-10,12.5,12.79,12.16,12.17,12.6,-0.4299999999999997,-3.41,242325.3,301457.611
,2025-01-13,11.8,12.0,11.6,11.78,12.17,-0.3900000000000005,-3.2,207382.61,244209.644
,2025-01-14,11.8,12.96,11.63,12.77,11.78,0.9900000000000002,8.4,629747.31,791708.731
,2025-01-15,12.65,12.7,12.19,12.25,12.77,-0.5199999999999996,-4.07,288551.99,356964.92
,2025-01-16,12.38,12.75,12.02,12.16,12.25,-0.0899999999999998,-0.73,204877.4,252761.739
,2025-01-17,12.16,12.37,11.98,12.18,12.16,0.0199999999999995,0.16,152241.57,185545.729
,2025-01-20,12.38,12.86,12.2,12.42,12.18,0.2400000000000002,1.97,323647.7,405945.921
,2025-01-21,12.42,12.75,12.31,12.59,12.42,0.1699999999999999,1.37,268433.23,336637.82
,2025-01-22,12.48,12.69,12.2,12.21,12.59,-0.379999999999999,-3.02,193881.82,240070.194
,2025-01-23,12.31,12.78,12.31,12.38,12.21,0.1699999999999999,1.39,270667.0,340810.487
,2025-01-24,12.31,12.63,12.28,12.48,12.38,0.0999999999999996,0.81,213945.36,266642.562
,2025-01-27,12.49,12.56,11.91,11.91,12.48,-0.5700000000000003,-4.57,159160.0,193155.553
,2025-02-05,12.1,12.64,11.95,12.55,11.91,0.6400000000000006,5.37,308916.23,379841.806
,2025-02-06,12.38,12.8,12.2,12.55,12.55,0.0,0.0,392708.16,490794.289
,2025-02-07,12.56,12.77,12.38,12.55,12.55,0.0,0.0,339959.69,427596.865
,2025-02-10,12.68,12.93,12.62,12.8,12.55,0.25,1.99,377784.8,482501.665
,2025-02-11,13.0,13.0,12.37,12.59,12.8,-0.2100000000000008,-1.64,250912.3,316309.743
,2025-02-12,12.67,12.94,12.58,12.9,12.59,0.3100000000000005,2.46,280009.4,357432.405
,2025-02-13,12.91,13.11,12.36,12.48,12.9,-0.4199999999999999,-3.26,295977.0,372687.508
,2025-02-14,12.42,12.5,12.23,12.38,12.48,-0.0999999999999996,-0.8,178725.5,220458.645
,2025-02-17,12.45,12.94,12.26,12.82,12.38,0.4399999999999995,3.55,339540.33,431300.712
,2025-02-18,12.83,12.9,12.35,12.42,12.82,-0.4000000000000003,-3.12,246828.48,310189.273
,2025-02-19,12.43,12.68,12.3,12.59,12.42,0.1699999999999999,1.37,183628.61,230373.168
,2025-02-20,12.53,12.78,12.45,12.58,12.59,-0.0099999999999997,-0.08,164372.52,206880.106
,2025-02-21,12.55,12.57,12.2,12.39,12.58,-0.1899999999999995,-1.51,245468.35,303248.058
,2025-02-24,12.35,12.35,12.12,12.22,12.39,-0.1699999999999999,-1.37,175775.6,214687.054
,2025-02-25,12.11,12.49,12.02,12.08,12.22,-0.1400000000000005,-1.15,221966.61,271504.815
,2025-02-26,12.14,12.21,11.89,12.0,12.08,-0.08,-0.66,171341.58,206114.805
,2025-02-27,11.95,12.16,11.71,11.99,12.0,-0.0099999999999997,-0.08,192277.28,228461.496
,2025-02-28,11.93,11.93,11.51,11.54,11.99,-0.450000000000001,-3.75,150075.01,175120.786
,2025-03-03,11.58,11.87,11.45,11.72,11.54,0.1800000000000015,1.56,131910.0,154343.9
,2025-03-04,11.7,11.96,11.56,11.83,11.72,0.1099999999999994,0.94,117203.0,138335.344
,2025-03-05,11.8,11.91,11.61,11.77,11.83,-0.0600000000000005,-0.51,100699.0,118038.302
,2025-03-06,11.78,12.03,11.73,11.99,11.77,0.2200000000000006,1.87,154621.68,184598.295
,2025-03-07,11.94,12.02,11.71,11.82,11.99,-0.1699999999999999,-1.42,117234.6,139127.723
,2025-03-10,11.82,11.92,11.73,11.86,11.82,0.0399999999999991,0.34,74867.84,88509.607
,2025-03-11,11.74,11.96,11.68,11.8,11.86,-0.0599999999999987,-0.51,85384.9,100557.446
,2025-03-12,11.8,12.5,11.8,12.15,11.8,0.3499999999999996,2.97,262369.76,319339.318
,2025-03-13,12.15,12.25,11.78,11.91,12.15,-0.2400000000000002,-1.98,142123.06,170009.068
,2025-03-14,11.82,11.97,11.76,11.93,11.91,0.0199999999999995,0.17,100853.91,119768.829
,2025-03-17,12.11,12.39,11.98,12.1,11.93,0.1699999999999999,1.42,192538.37,234520.516
,2025-03-18,12.06,12.17,11.77,11.81,12.1,-0.2899999999999991,-2.4,158267.0,188048.753
,2025-03-19,11.82,12.12,11.66,11.78,11.81,-0.0300000000000011,-0.25,149320.33,176894.558
,2025-03-20,11.72,11.85,11.65,11.71,11.78,-0.0699999999999985,-0.59,90087.75,105771.24
,2025-03-21,11.66,11.74,11.5,11.52,11.71,-0.1900000000000012,-1.62,112497.11,130347.537
,2025-03-24,11.65,11.65,11.02,11.24,11.52,-0.2799999999999993,-2.43,143861.76,161886.782
,2025-03-25,11.22,11.24,11.09,11.11,11.24,-0.1300000000000007,-1.16,85256.6,95137.14
,2025-03-26,11.07,11.88,11.05,11.62,11.11,0.5099999999999998,4.59,256153.27,294701.147
,2025-03-27,11.62,11.68,11.35,11.5,11.62,-0.1199999999999992,-1.03,130902.58,150870.082
,2025-03-28,11.52,11.98,11.49,11.73,11.5,0.2300000000000004,2.0,253596.31,298617.671
,2025-03-31,11.63,11.86,11.53,11.7,11.73,-0.0300000000000011,-0.26,140432.0,163574.619
,2025-04-01,11.76,11.9,11.68,11.88,11.7,0.1800000000000015,1.54,134378.44,158486.045
,2025-04-02,12.09,12.76,11.76,12.35,11.88,0.4699999999999988,3.96,434253.33,530184.892
,2025-04-03,12.7,13.59,12.5,13.59,12.35,1.2400000000000002,10.04,665127.9,890158.307
,2025-04-07,13.5,14.7,13.0,14.37,13.59,0.7799999999999994,5.74,1525473.57,2151003.345
,2025-04-08,13.85,14.44,13.5,13.92,14.37,-0.4499999999999993,-3.13,726052.88,1008169.496
,2025-04-09,14.02,14.69,13.93,14.25,13.92,0.33,2.37,789025.78,1129133.457
,2025-04-10,14.26,15.0,12.94,14.29,14.25,0.0399999999999991,0.28,799507.87,1141454.243
,2025-04-11,14.01,14.17,13.36,13.4,14.29,-0.8899999999999988,-6.23,589839.27,804657.044
,2025-04-14,13.66,14.74,13.53,14.74,13.4,1.34,10.0,773344.14,1100849.311
,2025-04-15,15.5,15.5,14.41,14.6,14.74,-0.1400000000000005,-0.95,876051.35,1297069.032
,2025-04-16,14.78,14.87,14.02,14.06,14.6,-0.5399999999999991,-3.7,495425.08,708063.092
,2025-04-17,14.08,14.7,14.08,14.12,14.06,0.0599999999999987,0.43,558802.92,799182.659
,2025-04-18,13.9,13.9,13.09,13.11,14.12,-1.0099999999999998,-7.15,537061.93,713063.127
,2025-04-21,13.11,13.31,12.71,12.91,13.11,-0.1999999999999993,-1.53,403348.24,519140.957
,2025-04-22,12.75,13.09,12.69,12.7,12.91,-0.2100000000000008,-1.63,329116.8,421983.857
,2025-04-23,12.68,12.68,12.24,12.29,12.7,-0.4100000000000001,-3.23,397456.61,490866.083
,2025-04-24,12.44,13.25,12.27,12.85,12.29,0.5600000000000005,4.56,550747.13,705877.68
,2025-04-25,12.7,13.03,12.41,12.83,12.85,-0.0199999999999995,-0.16,390138.34,498468.907
,2025-04-28,12.71,12.82,12.31,12.33,12.83,-0.5,-3.9,279528.81,348093.47
,2025-04-29,12.33,12.41,11.95,12.09,12.33,-0.2400000000000002,-1.95,247203.3,301300.965
,2025-04-30,12.09,12.29,12.09,12.14,12.09,0.0500000000000007,0.41,168110.3,204884.656
,2025-05-06,12.24,12.45,12.19,12.44,12.14,0.2999999999999989,2.47,211952.6,262006.661
,2025-05-07,12.55,12.65,12.2,12.29,12.44,-0.1500000000000003,-1.21,236168.0,292228.467
,2025-05-08,12.29,12.35,12.16,12.3,12.29,0.0100000000000015,0.08,149563.15,183904.242
,2025-05-09,12.25,12.32,12.02,12.12,12.3,-0.1800000000000015,-1.46,165606.9,200345.934
,2025-05-12,12.19,12.2,12.07,12.14,12.12,0.0200000000000013,0.17,137947.42,167299.816
,2025-05-13,12.15,13.35,12.05,12.85,12.14,0.7099999999999991,5.85,601052.92,760878.481
,2025-05-14,12.68,13.13,12.51,12.77,12.85,-0.08,-0.62,414788.82,528469.426
,2025-05-15,12.9,13.78,12.78,13.15,12.77,0.3800000000000008,2.98,580613.3,771871.312
,2025-05-16,13.0,13.15,12.7,12.74,13.15,-0.4100000000000001,-3.12,334403.1,429363.342
,2025-05-19,13.46,13.71,13.04,13.07,12.74,0.33,2.59,405918.6,536467.737
,2025-05-20,13.0,13.15,12.8,13.09,13.07,0.0199999999999995,0.15,277187.79,358616.432
,2025-05-21,13.11,13.12,12.82,12.82,13.09,-0.2699999999999996,-2.06,203973.01,263219.144
,2025-05-22,12.76,12.77,12.46,12.47,12.82,-0.3499999999999996,-2.73,196387.4,247298.557
,2025-05-23,12.47,12.6,12.3,12.5,12.47,0.0299999999999993,0.24,162782.91,202593.498
,2025-05-26,12.5,12.61,12.39,12.56,12.5,0.0600000000000005,0.48,148860.21,186528.799
,2025-05-27,12.5,12.56,12.32,12.39,12.56,-0.1699999999999999,-1.35,110874.5,137222.816
,2025-05-28,12.35,12.51,12.28,12.3,12.39,-0.0899999999999998,-0.73,101714.1,125894.721
,2025-05-29,12.28,12.43,12.21,12.36,12.3,0.0599999999999987,0.49,108705.91,134124.86
,2025-05-30,12.53,12.59,12.21,12.22,12.36,-0.1399999999999988,-1.13,125088.0,154051.352
,2025-06-03,12.1,12.35,12.03,12.3,12.22,0.08,0.65,109992.0,134139.259
,2025-06-04,12.3,12.33,12.19,12.26,12.3,-0.0400000000000009,-0.33,82625.31,101315.659
,2025-06-05,12.26,12.32,12.2,12.28,12.26,0.0199999999999995,0.16,87976.2,107852.587
,2025-06-06,12.28,12.61,12.22,12.45,12.28,0.1699999999999999,1.38,181664.0,225958.271
,2025-06-09,12.39,12.52,12.34,12.45,12.45,0.0,0.0,120375.3,149749.58
,2025-06-10,12.64,12.8,12.47,12.54,12.45,0.0899999999999998,0.72,235539.99,297062.623
,2025-06-11,12.5,12.51,12.35,12.43,12.54,-0.1099999999999994,-0.88,107789.8,133857.685
,2025-06-12,12.5,12.54,12.36,12.4,12.43,-0.0299999999999993,-0.24,88299.63,109894.618
,2025-06-13,12.37,12.55,12.11,12.45,12.4,0.0499999999999989,0.4,189865.04,233723.491
,2025-06-16,12.36,12.38,12.23,12.3,12.45,-0.1499999999999985,-1.2,115890.5,142558.167
,2025-06-17,12.48,12.65,12.39,12.55,12.3,0.25,2.03,184968.02,232061.54
,2025-06-18,12.58,12.59,12.3,12.36,12.55,-0.1900000000000012,-1.51,124014.3,154004.908
,2025-06-19,12.34,12.35,12.13,12.15,12.36,-0.209999999999999,-1.7,102781.1,125438.359
,2025-06-20,12.15,12.24,12.06,12.21,12.15,0.0600000000000005,0.49,73874.3,89966.391
,2025-06-23,12.0,12.0,11.7,11.95,12.21,-0.2600000000000015,-2.13,135376.5,160531.412
,2025-06-24,11.96,12.03,11.88,12.01,11.95,0.0600000000000005,0.5,120322.25,144065.108
,2025-06-25,12.0,12.14,11.95,12.11,12.01,0.0999999999999996,0.83,121827.39,146991.1
,2025-06-26,12.16,12.21,11.96,11.98,12.11,-0.129999999999999,-1.07,124746.54,150540.94
,2025-06-27,12.03,12.12,11.99,12.05,11.98,0.0700000000000002,0.58,83448.0,100502.474
,2025-06-30,12.05,12.08,11.9,12.06,12.05,0.0099999999999997,0.08,110464.7,132557.801
,2025-07-01,12.06,12.25,12.0,12.15,12.06,0.0899999999999998,0.75,130840.0,158920.961
,2025-07-02,12.18,12.18,11.98,12.02,12.15,-0.1300000000000007,-1.07,102341.8,123134.587
,2025-07-03,12.03,12.03,11.88,11.94,12.02,-0.08,-0.67,99611.69,118817.265
,2025-07-04,11.94,11.99,11.87,11.9,11.94,-0.0399999999999991,-0.34,83855.62,99966.369
,2025-07-07,11.99,12.24,11.91,12.19,11.9,0.2899999999999991,2.44,200929.12,243846.121
,2025-07-08,12.2,12.26,12.09,12.19,12.19,0.0,0.0,125764.59,153046.767
,2025-07-09,12.22,12.27,12.06,12.09,12.19,-0.0999999999999996,-0.82,117292.0,142723.135
,2025-07-10,12.09,12.21,11.98,12.07,12.09,-0.0199999999999995,-0.17,95935.2,115673.878
,2025-07-11,12.07,12.14,11.99,12.14,12.07,0.0700000000000002,0.58,97088.45,117254.313
,2025-07-14,12.07,12.11,12.03,12.07,12.14,-0.0700000000000002,-0.58,67896.0,81912.74
,2025-07-15,12.05,12.09,11.84,11.99,12.07,-0.08,-0.66,113582.0,135663.75
,2025-07-16,11.91,12.08,11.91,12.03,11.99,0.0399999999999991,0.33,78683.74,94635.007
,2025-07-17,12.02,12.15,11.96,12.07,12.03,0.0400000000000009,0.33,83965.74,101286.386
,2025-07-18,12.06,12.11,12.01,12.08,12.07,0.0099999999999997,0.08,74608.9,89885.599
,2025-07-21,12.13,12.44,12.08,12.27,12.08,0.1899999999999995,1.57,193758.33,237998.959
,2025-07-22,12.21,12.28,12.11,12.28,12.27,0.0099999999999997,0.08,137381.0,167329.764
,2025-07-23,12.32,12.35,12.1,12.11,12.28,-0.1699999999999999,-1.38,105075.01,128144.73
,2025-07-24,12.13,12.22,12.03,12.2,12.11,0.0899999999999998,0.74,90890.3,110326.039
,2025-07-25,12.24,12.57,12.18,12.24,12.2,0.0400000000000009,0.33,211025.19,260391.117
,2025-07-28,12.24,12.45,12.17,12.4,12.24,0.1600000000000001,1.31,167173.2,206455.507
,2025-07-29,12.4,12.43,12.23,12.37,12.4,-0.0300000000000011,-0.24,106280.17,130773.546
,2025-07-30,12.29,12.32,12.13,12.17,12.37,-0.1999999999999993,-1.62,111552.48,136274.295
,2025-07-31,12.17,12.18,11.96,11.98,12.17,-0.1899999999999995,-1.56,111539.0,134446.66
,2025-08-01,11.9,12.04,11.9,12.04,11.98,0.0599999999999987,0.5,57636.0,69079.792
,2025-08-04,11.94,12.01,11.9,12.01,12.04,-0.0299999999999993,-0.25,51513.0,61628.984
,2025-08-05,11.97,12.05,11.94,12.05,12.01,0.0400000000000009,0.33,56143.01,67380.327
,2025-08-06,12.08,12.09,11.94,12.08,12.05,0.0299999999999993,0.25,79241.93,95244.739
,2025-08-07,12.08,12.09,11.97,11.99,12.08,-0.0899999999999998,-0.75,64412.0,77316.679
,2025-08-08,11.97,12.25,11.95,12.12,11.99,0.129999999999999,1.08,116851.0,141185.239
,2025-08-11,12.06,12.11,12.0,12.05,12.12,-0.0699999999999985,-0.58,71903.8,86557.852
,2025-08-12,12.05,12.5,11.97,12.42,12.05,0.3699999999999992,3.07,307043.52,377402.004
,2025-08-13,12.39,12.69,12.26,12.65,12.42,0.2300000000000004,1.85,310325.85,388308.216
,2025-08-14,12.6,12.75,12.35,12.4,12.65,-0.25,-1.98,200416.09,250887.641
,2025-08-15,12.4,12.5,12.3,12.41,12.4,0.0099999999999997,0.08,129612.95,160478.246
,2025-08-18,12.42,13.39,12.37,13.07,12.41,0.6600000000000001,5.32,458540.77,602214.442
,2025-08-19,12.91,12.91,12.61,12.64,13.07,-0.4299999999999997,-3.29,268594.91,340829.793
,2025-08-20,12.65,12.74,12.4,12.55,12.64,-0.0899999999999998,-0.71,156663.31,196169.212
,2025-08-21,12.55,12.59,12.4,12.43,12.55,-0.120000000000001,-0.96,133214.43,166523.542
,2025-08-22,12.49,12.6,12.32,12.52,12.43,0.0899999999999998,0.72,115943.61,143706.588
,2025-08-25,12.6,13.24,12.49,12.87,12.52,0.3499999999999996,2.8,319078.27,411233.299
,2025-08-26,13.09,13.13,12.8,12.86,12.87,-0.0099999999999997,-0.08,153453.71,197738.066
,2025-08-27,12.83,13.1,12.69,12.69,12.86,-0.1699999999999999,-1.32,199310.21,256881.345
,2025-08-28,12.64,12.82,12.47,12.75,12.69,0.0600000000000005,0.47,145582.85,184508.334
,2025-08-29,12.79,12.83,12.57,12.58,12.75,-0.1699999999999999,-1.33,102287.4,129695.606
,2025-09-01,12.56,13.1,12.55,12.78,12.58,0.1999999999999993,1.59,165397.5,211678.302
,2025-09-02,12.83,13.0,12.66,12.77,12.78,-0.0099999999999997,-0.08,170216.5,217957.975
,2025-09-03,12.74,12.77,12.2,12.2,12.77,-0.5700000000000003,-4.46,159437.0,198037.83
,2025-09-04,12.3,12.51,12.17,12.36,12.2,0.1600000000000001,1.31,136577.0,168813.433
,2025-09-05,12.3,12.84,12.25,12.71,12.36,0.3500000000000014,2.83,175519.76,221348.528
,2025-09-08,12.89,13.09,12.73,12.9,12.71,0.1899999999999995,1.49,179426.41,231984.654
,2025-09-09,12.91,12.93,12.65,12.72,12.9,-0.1799999999999997,-1.4,84694.63,107998.094
,2025-09-10,12.91,13.72,12.88,13.5,12.72,0.7799999999999994,6.13,451825.65,608342.796
,2025-09-11,14.0,14.18,13.66,14.07,13.5,0.5700000000000003,4.22,441695.37,615957.21
,2025-09-12,14.09,14.38,13.92,14.07,14.07,0.0,0.0,287179.35,405201.989
,2025-09-15,14.16,14.39,14.03,14.3,14.07,0.2300000000000004,1.63,245086.7,349783.2
,2025-09-16,14.2,14.32,14.09,14.2,14.3,-0.1000000000000014,-0.7,167022.44,237168.768
,2025-09-17,14.36,14.45,13.49,13.53,14.2,-0.6699999999999999,-4.72,323914.41,446379.594
,2025-09-18,13.5,13.5,12.66,12.76,13.53,-0.7699999999999996,-5.69,387000.91,500174.36
,2025-09-19,12.77,12.77,12.44,12.52,12.76,-0.2400000000000002,-1.88,178786.85,225050.525
,2025-09-22,12.53,12.61,12.36,12.41,12.52,-0.1099999999999994,-0.88,120182.82,149600.992
,2025-09-23,12.41,12.41,12.04,12.24,12.41,-0.1699999999999999,-1.37,138110.9,168212.542
,2025-09-24,12.21,12.45,12.11,12.41,12.24,0.1699999999999999,1.39,97832.27,120588.607
,2025-09-25,12.4,12.4,12.2,12.21,12.41,-0.1999999999999993,-1.61,83057.0,101929.874
,2025-09-26,12.19,12.34,12.16,12.23,12.21,0.0199999999999995,0.16,66098.73,81083.609
,2025-09-29,12.23,12.32,12.06,12.31,12.23,0.08,0.65,81991.3,100116.078
,2025-09-30,12.35,12.38,12.22,12.25,12.31,-0.0600000000000005,-0.49,60894.64,74618.811
,2025-10-09,12.34,12.52,12.27,12.46,12.25,0.2100000000000008,1.71,122245.82,151493.973
,2025-10-10,12.47,13.3,12.38,12.84,12.46,0.379999999999999,3.05,217252.63,280288.419
,2025-10-13,12.4,12.71,12.34,12.63,12.84,-0.209999999999999,-1.64,116107.88,145900.558
,2025-10-14,12.62,12.89,12.5,12.69,12.63,0.0599999999999987,0.48,102264.08,129630.229
,2025-10-15,12.66,12.66,12.47,12.51,12.69,-0.1799999999999997,-1.42,94775.5,118840.479
,2025-10-16,12.51,12.54,12.22,12.24,12.51,-0.2699999999999996,-2.16,90817.32,112066.04
,2025-10-17,12.2,12.3,12.0,12.05,12.24,-0.1899999999999995,-1.55,116904.55,141763.131
,2025-10-20,12.29,12.29,12.01,12.06,12.05,0.0099999999999997,0.08,68748.43,83055.349
,2025-10-21,12.07,12.12,11.99,12.1,12.06,0.0399999999999991,0.33,69613.0,84002.794
,2025-10-22,12.1,12.17,12.05,12.1,12.1,0.0,0.0,47171.43,57122.638
,2025-10-23,12.11,12.22,12.0,12.17,12.1,0.0700000000000002,0.58,61568.41,74503.147
,2025-10-24,12.17,12.3,12.12,12.25,12.17,0.08,0.66,58633.59,71598.668
,2025-10-27,12.27,12.46,12.22,12.45,12.25,0.1999999999999993,1.63,90662.17,111978.206
,2025-10-28,12.45,13.27,12.32,12.83,12.45,0.3800000000000008,3.05,301942.23,388924.879
,2025-10-29,12.82,12.84,12.65,12.72,12.83,-0.1099999999999994,-0.86,107259.0,136346.968
,2025-10-30,13.13,13.99,13.09,13.99,12.72,1.2699999999999996,9.98,624882.87,862587.798
,2025-10-31,13.73,13.99,13.13,13.36,13.99,-0.6300000000000008,-4.5,503476.83,675890.538
,2025-11-03,13.39,14.22,13.35,13.95,13.36,0.5899999999999999,4.42,364361.8,500803.371
,2025-11-04,13.95,14.17,13.7,13.78,13.95,-0.1699999999999999,-1.22,263049.86,364314.859
,2025-11-05,13.77,15.16,13.47,14.77,13.78,0.9900000000000002,7.18,622522.12,908560.671
,2025-11-06,14.79,15.73,14.61,15.33,14.77,0.5600000000000005,3.79,601937.33,916848.984
,2025-11-07,15.19,16.86,15.18,16.86,15.33,1.5299999999999994,9.98,550502.24,888166.763
,2025-11-10,17.72,18.55,16.45,16.6,16.86,-0.259999999999998,-1.54,1196167.7,2106081.666
,2025-11-11,16.6,17.0,14.94,14.95,16.6,-1.650000000000002,-9.94,1116718.76,1768080.938
,2025-11-12,14.89,14.95,14.32,14.6,14.95,-0.3499999999999996,-2.34,588974.33,857470.714
,2025-11-13,14.51,14.7,14.12,14.22,14.6,-0.379999999999999,-2.6,400098.69,573411.373
,2025-11-14,14.2,14.32,13.99,14.0,14.22,-0.2200000000000006,-1.55,292958.05,414086.913
,2025-11-17,14.0,14.1,13.51,13.73,14.0,-0.2699999999999996,-1.93,311210.96,426489.296
,2025-11-18,13.64,13.71,13.25,13.4,13.73,-0.33,-2.4,227844.46,305813.704
,2025-11-19,13.34,13.46,13.1,13.17,13.4,-0.2300000000000004,-1.72,150274.76,198793.407
,2025-11-20,13.2,13.33,12.97,13.03,13.17,-0.1400000000000005,-1.06,162254.81,212945.773
,2025-11-21,12.91,12.99,12.57,12.59,13.03,-0.4399999999999995,-3.38,211220.3,269534.491
,2025-11-24,12.75,12.8,12.33,12.66,12.59,0.0700000000000002,0.56,200563.34,251371.129
,2025-11-25,12.6,12.88,12.6,12.78,12.66,0.1199999999999992,0.95,162571.3,207585.579
,2025-11-26,12.78,12.78,12.59,12.64,12.78,-0.1399999999999988,-1.1,114293.3,144884.651
,2025-11-27,12.59,12.78,12.59,12.64,12.64,0.0,0.0,88868.0,112807.099
,2025-11-28,12.62,12.76,12.56,12.73,12.64,0.0899999999999998,0.71,95796.46,121508.054
,2025-12-01,12.76,12.96,12.72,12.8,12.73,0.0700000000000002,0.55,161453.71,206886.437
,2025-12-02,12.81,12.9,12.64,12.87,12.8,0.0699999999999985,0.55,134384.06,171821.809
,2025-12-03,12.93,12.93,12.67,12.86,12.87,-0.0099999999999997,-0.08,116393.75,149202.459
,2025-12-04,12.79,12.85,12.62,12.69,12.86,-0.1699999999999999,-1.32,92933.79,118147.52
,2025-12-05,12.61,12.8,12.61,12.68,12.69,-0.0099999999999997,-0.08,106148.2,134837.189
,2025-12-08,12.7,12.88,12.7,12.8,12.68,0.120000000000001,0.95,113995.0,145961.376
,2025-12-09,12.76,13.02,12.75,12.85,12.8,0.0499999999999989,0.39,117928.38,151690.758
,2025-12-10,12.85,13.23,12.8,13.21,12.85,0.3600000000000012,2.8,264626.0,347305.548
,2025-12-11,13.21,13.21,12.7,12.78,13.21,-0.4300000000000015,-3.26,197943.78,255210.79
,2025-12-12,12.7,13.08,12.66,12.95,12.78,0.1699999999999999,1.33,201805.15,260382.108
,2025-12-15,12.86,12.9,12.71,12.8,12.95,-0.1499999999999985,-1.16,97382.51,124701.299
,2025-12-16,12.8,12.81,12.55,12.6,12.8,-0.200000000000001,-1.56,103780.01,131061.129
,2025-12-17,12.56,12.62,12.41,12.48,12.6,-0.1199999999999992,-0.95,89815.94,112230.484
,2025-12-18,12.56,12.56,12.27,12.3,12.48,-0.1799999999999997,-1.44,110476.5,136911.864
,2025-12-19,12.26,12.58,12.25,12.52,12.3,0.2199999999999988,1.79,94217.04,117348.798
,2025-12-22,12.53,12.72,12.52,12.57,12.52,0.0500000000000007,0.4,70007.8,88106.643
,2025-12-23,12.55,12.55,12.39,12.42,12.57,-0.1500000000000003,-1.19,70449.41,87631.62
,2025-12-24,12.52,12.59,12.43,12.55,12.42,0.1300000000000007,1.05,67725.69,84818.203
,2025-12-25,12.58,12.65,12.48,12.6,12.55,0.0499999999999989,0.4,73545.1,92471.677
,2025-12-26,12.59,12.77,12.59,12.72,12.6,0.120000000000001,0.95,98875.0,125602.321
,2025-12-29,12.85,13.3,12.67,12.89,12.72,0.1699999999999999,1.34,244815.69,316959.194
,2025-12-30,13.15,13.57,12.77,13.32,12.89,0.4299999999999997,3.34,314138.42,415040.274
,2025-12-31,13.36,13.45,13.01,13.05,13.32,-0.2699999999999996,-2.03,170662.73,223506.054
,2026-01-05,13.2,13.23,12.93,13.04,13.05,-0.0100000000000015,-0.08,145793.04,189699.324
,2026-01-06,13.0,13.25,12.94,13.19,13.04,0.1500000000000003,1.15,151621.98,199173.393
,2026-01-07,13.15,13.18,13.01,13.06,13.19,-0.129999999999999,-0.99,122250.49,159900.048
,2026-01-08,13.2,13.43,13.09,13.23,13.06,0.1699999999999999,1.3,231306.52,306726.231
,2026-01-09,13.3,14.01,13.29,14.0,13.23,0.7699999999999996,5.82,368918.5,507658.876
,2026-01-12,14.09,14.1,13.53,13.83,14.0,-0.1699999999999999,-1.21,312456.82,428604.917
,2026-01-13,13.83,13.83,13.34,13.46,13.83,-0.3699999999999992,-2.68,273185.36,369165.282
,2026-01-14,13.45,13.67,13.24,13.49,13.46,0.0299999999999993,0.22,218251.04,294073.052
,2026-01-15,13.41,13.43,13.21,13.27,13.49,-0.2200000000000006,-1.63,127082.28,169049.467
,2026-01-16,13.35,13.44,13.24,13.31,13.27,0.0400000000000009,0.3,103873.96,138434.976
,2026-01-19,13.32,14.02,13.3,13.76,13.31,0.4499999999999993,3.38,263116.37,361627.492
,2026-01-20,13.78,13.85,13.49,13.6,13.76,-0.1600000000000001,-1.16,148241.07,201822.768
,2026-01-21,13.6,13.68,13.36,13.38,13.6,-0.2199999999999988,-1.62,124015.0,166410.088
,2026-01-22,13.44,13.6,13.38,13.55,13.38,0.1699999999999999,1.27,113476.8,153173.371
,2026-01-23,13.55,13.78,13.45,13.74,13.55,0.1899999999999995,1.4,156117.0,212641.029
,2026-01-26,13.73,13.84,13.42,13.63,13.74,-0.1099999999999994,-0.8,145466.7,197684.506
,2026-01-27,13.56,13.62,13.28,13.52,13.63,-0.1100000000000012,-0.81,139601.48,187444.212
,2026-01-28,13.48,13.86,13.46,13.5,13.52,-0.0199999999999995,-0.15,125343.0,170362.646
,2026-01-29,13.75,13.95,13.44,13.81,13.5,0.3100000000000005,2.3,317640.93,436999.803
,2026-01-30,13.72,13.72,13.16,13.36,13.81,-0.450000000000001,-3.26,217883.27,291630.507
,2026-02-02,13.35,13.69,13.27,13.31,13.36,-0.0499999999999989,-0.37,161389.81,217963.162
,2026-02-03,13.41,13.55,13.3,13.52,13.31,0.209999999999999,1.58,124531.0,167592.3
,2026-02-04,13.51,13.65,13.4,13.6,13.52,0.08,0.59,111042.1,150430.222
,2026-02-05,13.6,13.61,13.41,13.49,13.6,-0.1099999999999994,-0.81,95824.98,129405.082
,2026-02-06,13.45,13.8,13.41,13.6,13.49,0.1099999999999994,0.82,154930.28,211671.531
,2026-02-09,13.6,13.88,13.6,13.85,13.6,0.25,1.84,152139.9,210085.821
,2026-02-10,13.84,14.08,13.74,14.08,13.85,0.2300000000000004,1.66,157504.61,219140.752
,2026-02-11,14.06,15.49,14.0,15.49,14.08,1.41,10.01,623762.8,944191.087
,2026-02-12,15.39,16.64,15.2,15.68,15.49,0.1899999999999995,1.23,804067.09,1281124.785
,2026-02-13,15.61,16.22,15.43,15.98,15.68,0.3000000000000007,1.91,450738.18,719482.405
,2026-02-24,16.16,16.29,15.62,15.9,15.98,-0.08,-0.5,324028.92,516345.6
,2026-02-25,15.99,16.13,15.78,16.01,15.9,0.1100000000000012,0.69,258906.79,413501.651
,2026-02-26,15.95,16.09,15.35,15.45,16.01,-0.5600000000000023,-3.5,337533.85,526305.259
,2026-02-27,15.43,15.55,14.86,15.21,15.45,-0.2399999999999984,-1.55,246069.46,372616.41
,2026-03-02,14.96,15.45,14.82,15.22,15.21,0.0099999999999997,0.07,209653.8,320517.891
,2026-03-03,15.22,15.35,14.86,14.91,15.22,-0.3100000000000005,-2.04,206322.48,311783.556
,2026-03-04,14.82,15.15,14.74,15.0,14.91,0.0899999999999998,0.6,161289.8,241637.225
,2026-03-05,15.29,15.82,15.01,15.63,15.0,0.6300000000000008,4.2,302858.07,468656.341
,2026-03-06,15.53,15.91,15.06,15.68,15.63,0.0499999999999989,0.32,274830.26,428182.722
,2026-03-09,15.67,15.75,15.22,15.65,15.68,-0.0299999999999993,-0.19,231093.5,357783.159
,2026-03-10,15.66,15.85,15.53,15.66,15.65,0.0099999999999997,0.06,174441.4,273446.618
,2026-03-11,15.67,15.71,15.26,15.29,15.66,-0.370000000000001,-2.36,233905.6,361679.946
,2026-03-12,15.25,15.35,14.79,15.17,15.29,-0.1199999999999992,-0.78,187058.34,281456.189
,2026-03-13,15.01,15.22,14.59,14.66,15.17,-0.5099999999999998,-3.36,153146.15,227976.945
,2026-03-16,14.66,14.85,14.56,14.77,14.66,0.1099999999999994,0.75,137788.85,203021.106
,2026-03-17,14.88,15.0,14.52,14.55,14.77,-0.2199999999999988,-1.49,119398.1,176591.883
,2026-03-18,14.64,14.76,14.32,14.46,14.55,-0.0899999999999998,-0.62,106396.49,154338.201
,2026-03-19,14.35,14.51,14.22,14.29,14.46,-0.1700000000000017,-1.18,105673.0,151468.74
,2026-03-20,14.41,14.5,14.16,14.2,14.29,-0.0899999999999998,-0.63,117932.3,168753.093
,2026-03-23,13.96,14.09,13.43,13.51,14.2,-0.6899999999999995,-4.86,183996.63,253030.83
,2026-03-24,13.94,13.99,13.42,13.93,13.51,0.4199999999999999,3.11,165024.5,225380.132
,2026-03-25,13.97,14.23,13.85,14.08,13.93,0.1500000000000003,1.08,149342.01,209816.399
,2026-03-26,14.1,14.1,13.68,13.75,14.08,-0.33,-2.34,97746.1,135305.605
,2026-03-27,13.56,13.96,13.54,13.87,13.75,0.1199999999999992,0.87,94208.4,130497.093
,2026-03-30,13.66,13.74,13.28,13.49,13.87,-0.379999999999999,-2.74,109965.89,148152.716
,2026-03-31,13.34,13.71,13.34,13.43,13.49,-0.0600000000000005,-0.44,90424.19,122378.997
,2026-04-01,13.55,14.5,13.55,14.27,13.43,0.8399999999999999,6.25,183177.69,255083.301
,2026-04-02,14.22,14.61,13.69,14.3,14.27,0.0300000000000011,0.21,311652.42,441577.304
,2026-04-03,14.27,14.27,13.64,13.68,14.3,-0.620000000000001,-4.34,166472.27,231175.537
,2026-04-07,13.82,13.89,13.5,13.71,13.68,0.0300000000000011,0.22,117862.31,160869.37
,2026-04-08,13.88,14.52,13.85,14.32,13.71,0.6099999999999994,4.45,175407.45,250435.218
,2026-04-09,14.25,14.96,14.06,14.6,14.32,0.2799999999999993,1.96,210204.95,307705.246
,2026-04-10,14.75,14.75,14.26,14.55,14.6,-0.0499999999999989,-0.34,159611.13,230890.906
,2026-04-13,14.51,15.28,14.36,14.93,14.55,0.379999999999999,2.61,237169.38,352230.136
,2026-04-14,15.0,15.45,14.95,15.25,14.93,0.3200000000000003,2.14,203537.8,310211.294
,2026-04-15,15.25,15.63,15.25,15.4,15.25,0.1500000000000003,0.98,190786.6,294590.251
,2026-04-16,15.42,15.75,15.32,15.71,15.4,0.3100000000000005,2.01,182555.12,284224.987
,2026-04-17,15.5,15.5,15.06,15.08,15.71,-0.6300000000000008,-4.01,248359.78,377280.18
,2026-04-20,15.09,16.3,15.09,15.56,15.08,0.4800000000000004,3.18,268720.42,422264.458
,2026-04-21,15.55,15.87,15.41,15.63,15.56,0.0700000000000002,0.45,155978.5,243759.562
,2026-04-22,15.53,15.85,15.5,15.71,15.63,0.08,0.51,133555.64,209704.499
,2026-04-23,15.76,15.91,15.54,15.81,15.71,0.0999999999999996,0.64,145660.45,229805.966
,2026-04-24,15.92,16.09,15.61,15.93,15.81,0.1199999999999992,0.76,192162.09,305609.135
,2026-04-27,15.93,16.15,15.6,15.98,15.93,0.0500000000000007,0.31,149554.19,238799.742
,2026-04-28,16.05,16.14,15.73,15.88,15.98,-0.0999999999999996,-0.63,114795.96,182231.947
,2026-04-29,15.94,15.94,15.38,15.53,15.88,-0.3500000000000014,-2.2,215080.87,335382.445
,2026-04-30,15.69,15.8,15.32,15.32,15.53,-0.209999999999999,-1.35,175242.92,271510.575
,2026-05-06,15.49,15.54,15.02,15.11,15.32,-0.2100000000000008,-1.37,225059.67,341751.304
,2026-05-07,15.15,16.39,14.97,16.08,15.11,0.9699999999999988,6.42,366472.75,579602.967
,2026-05-08,16.0,16.66,15.92,16.11,16.08,0.0300000000000011,0.19,253712.48,412073.581
,2026-05-11,16.2,16.25,15.77,15.93,16.11,-0.17999999999999972,-1.12,195363.77,311122.725
