ts_code,date,open,high,low,close,pre_close,change,pct_chg,volume,amount
,2024-01-02,6.04,6.22,6.02,6.1,6.04,0.0599999999999996,0.99,50316.07,30698.29
,2024-01-03,6.06,6.14,6.03,6.06,6.1,-0.04,-0.66,31920.0,19421.351
,2024-01-04,6.05,6.16,6.03,6.14,6.06,0.08,1.32,29224.0,17848.126
,2024-01-05,6.15,6.2,5.97,6.03,6.14,-0.1099999999999994,-1.79,49602.0,30114.086
,2024-01-08,6.03,6.08,5.93,5.95,6.03,-0.08,-1.33,35535.0,21353.499
,2024-01-09,6.0,6.02,5.94,6.0,5.95,0.0499999999999998,0.84,17676.0,10578.588
,2024-01-10,6.01,6.04,5.96,6.03,6.0,0.0300000000000002,0.5,15493.1,9311.783
,2024-01-11,6.05,6.06,6.01,6.05,6.03,0.0199999999999995,0.33,13984.0,8438.418
,2024-01-12,6.03,6.13,6.0,6.02,6.05,-0.0300000000000002,-0.5,22942.0,13892.467
,2024-01-15,6.0,6.15,5.99,6.13,6.02,0.1100000000000003,1.83,28010.03,17036.037
,2024-01-16,6.18,6.2,6.0,6.06,6.13,-0.0700000000000002,-1.14,25221.1,15349.299
,2024-01-17,6.05,6.07,5.83,5.83,6.06,-0.2299999999999995,-3.8,39627.0,23625.466
,2024-01-18,5.78,5.87,5.68,5.86,5.83,0.0300000000000002,0.51,36758.0,21170.103
,2024-01-19,5.86,5.88,5.81,5.85,5.86,-0.0100000000000006,-0.17,17949.0,10485.474
,2024-01-22,5.84,5.84,5.56,5.56,5.85,-0.29,-4.96,36870.0,20891.924
,2024-01-23,5.56,5.65,5.4,5.56,5.56,0.0,0.0,28762.0,15947.163
,2024-01-24,5.6,5.68,5.5,5.67,5.56,0.1100000000000003,1.98,33321.02,18653.793
,2024-01-25,5.67,5.83,5.64,5.81,5.67,0.1399999999999996,2.47,29549.0,16918.129
,2024-01-26,5.8,5.91,5.78,5.9,5.81,0.0900000000000007,1.55,28231.01,16542.486
,2024-01-29,5.86,5.93,5.72,5.77,5.9,-0.1300000000000007,-2.2,24752.0,14396.274
,2024-01-30,5.76,5.76,5.54,5.54,5.77,-0.2299999999999995,-3.99,24610.52,13889.157
,2024-01-31,5.31,5.58,5.26,5.26,5.54,-0.2800000000000002,-5.05,66957.34,35598.289
,2024-02-01,5.07,5.11,5.0,5.0,5.26,-0.2599999999999998,-4.94,53577.0,26847.739
,2024-02-02,4.75,4.89,4.75,4.75,5.0,-0.25,-5.0,83724.02,39880.341
,2024-02-05,4.51,4.51,4.51,4.51,4.75,-0.2400000000000002,-5.05,12058.0,5438.158
,2024-02-06,4.28,4.45,4.28,4.28,4.51,-0.2299999999999995,-5.1,81006.81,34789.905
,2024-02-07,4.24,4.41,4.07,4.07,4.28,-0.2099999999999999,-4.91,103570.0,43943.8
,2024-02-08,3.9,4.27,3.87,4.25,4.07,0.1799999999999997,4.42,123288.35,48982.45
,2024-02-19,4.31,4.46,4.23,4.46,4.25,0.2099999999999999,4.94,94007.45,41104.845
,2024-02-20,4.47,4.68,4.45,4.68,4.46,0.2199999999999997,4.93,56832.35,26146.821
,2024-02-21,4.91,4.91,4.91,4.91,4.68,0.2300000000000004,4.91,7716.12,3788.615
,2024-02-22,5.16,5.16,5.16,5.16,4.91,0.25,5.09,6382.96,3293.607
,2024-02-23,5.14,5.41,5.0,5.31,5.16,0.1499999999999994,2.91,118582.38,62341.972
,2024-02-26,5.23,5.38,5.18,5.25,5.31,-0.0599999999999996,-1.13,77519.46,40708.502
,2024-02-27,5.26,5.43,5.2,5.41,5.25,0.1600000000000001,3.05,47559.94,25358.07
,2024-02-28,5.45,5.53,5.14,5.14,5.41,-0.2700000000000004,-4.99,102168.02,53599.518
,2024-02-29,5.1,5.23,4.98,5.23,5.14,0.0900000000000007,1.75,69678.01,35802.547
,2024-03-01,5.19,5.22,5.11,5.16,5.23,-0.0700000000000002,-1.34,42761.0,22076.986
,2024-03-04,5.2,5.42,5.14,5.42,5.16,0.2599999999999998,5.04,53306.1,28075.809
,2024-03-05,5.39,5.54,5.31,5.41,5.42,-0.0099999999999997,-0.18,54469.0,29484.19
,2024-03-06,5.46,5.63,5.42,5.59,5.41,0.1799999999999997,3.33,61423.0,33982.702
,2024-03-07,5.56,5.62,5.42,5.47,5.59,-0.1200000000000001,-2.15,59599.23,32959.497
,2024-03-08,5.45,5.56,5.45,5.55,5.47,0.08,1.46,26562.02,14609.261
,2024-03-11,5.52,5.59,5.49,5.54,5.55,-0.0099999999999997,-0.18,28399.0,15735.163
,2024-03-12,5.55,5.61,5.48,5.55,5.54,0.0099999999999997,0.18,36366.04,20179.708
,2024-03-13,5.53,5.6,5.51,5.53,5.55,-0.0199999999999995,-0.36,24909.0,13810.559
,2024-03-14,5.58,5.77,5.54,5.71,5.53,0.1799999999999997,3.25,45956.99,25753.319
,2024-03-15,5.68,5.83,5.66,5.82,5.71,0.1100000000000003,1.93,42005.14,24150.924
,2024-03-18,5.88,5.88,5.74,5.81,5.82,-0.0100000000000006,-0.17,30269.51,17600.696
,2024-03-19,5.84,5.96,5.81,5.89,5.81,0.08,1.38,40510.94,23839.821
,2024-03-20,5.87,5.88,5.65,5.76,5.89,-0.1299999999999999,-2.21,65437.0,37702.328
,2024-03-21,5.74,5.83,5.65,5.78,5.76,0.0200000000000004,0.35,70839.59,40784.695
,2024-03-22,5.76,5.92,5.75,5.87,5.78,0.0899999999999998,1.56,54694.62,31999.458
,2024-03-25,5.92,6.03,5.84,5.84,5.87,-0.0300000000000002,-0.51,47608.0,28245.289
,2024-03-26,5.82,5.88,5.73,5.86,5.84,0.0200000000000004,0.34,46015.0,26763.219
,2024-03-27,5.88,5.93,5.68,5.72,5.86,-0.1400000000000005,-2.39,52859.04,30748.597
,2024-03-28,5.7,6.0,5.7,5.95,5.72,0.2300000000000004,4.02,88142.0,51854.386
,2024-03-29,5.91,6.04,5.9,5.99,5.95,0.04,0.67,70792.0,42220.462
,2024-04-01,6.27,6.27,5.75,5.87,5.99,-0.1200000000000001,-2.0,144556.76,86446.348
,2024-04-02,5.87,5.97,5.82,5.94,5.87,0.0700000000000002,1.19,55970.37,33035.293
,2024-04-03,5.94,5.98,5.87,5.92,5.94,-0.0200000000000004,-0.34,46709.38,27618.841
,2024-04-08,5.9,5.95,5.62,5.62,5.92,-0.2999999999999998,-5.07,121125.0,69856.162
,2024-04-09,5.62,5.78,5.62,5.75,5.62,0.1299999999999999,2.31,49859.72,28483.376
,2024-04-10,5.73,5.74,5.59,5.67,5.75,-0.08,-1.39,45007.92,25497.383
,2024-04-11,5.59,5.77,5.59,5.71,5.67,0.04,0.71,64421.0,36566.805
,2024-04-12,5.74,5.88,5.7,5.84,5.71,0.1299999999999999,2.28,67751.01,39198.296
,2024-04-15,5.55,5.6,5.55,5.55,5.84,-0.29,-4.97,39520.0,21938.733
,2024-04-16,5.27,5.27,5.27,5.27,5.55,-0.2800000000000002,-5.05,6786.0,3576.222
,2024-04-17,5.01,5.04,5.01,5.01,5.27,-0.2599999999999998,-4.93,99403.0,49805.665
,2024-04-18,4.96,5.01,4.76,4.76,5.01,-0.25,-4.99,138655.93,66684.413
,2024-04-19,4.55,4.72,4.52,4.63,4.76,-0.1299999999999999,-2.73,135622.25,62121.686
,2024-04-22,4.63,4.85,4.58,4.83,4.63,0.2000000000000001,4.32,75274.0,35486.615
,2024-04-23,4.78,4.98,4.75,4.86,4.83,0.0300000000000002,0.62,63516.93,31076.045
,2024-04-24,4.84,4.9,4.81,4.85,4.86,-0.0100000000000006,-0.21,33689.33,16335.513
,2024-04-25,4.85,4.92,4.81,4.87,4.85,0.0200000000000004,0.41,46018.9,22397.739
,2024-04-26,4.84,4.96,4.83,4.95,4.87,0.08,1.64,50361.9,24603.966
,2024-04-29,4.98,5.13,4.91,5.07,4.95,0.1200000000000001,2.42,60835.97,30574.899
,2024-04-30,5.14,5.32,5.14,5.32,5.07,0.25,4.93,113621.5,59714.806
,2024-05-06,5.23,5.35,5.19,5.31,5.32,-0.0100000000000006,-0.19,70579.64,37236.467
,2024-05-07,5.34,5.54,5.3,5.48,5.31,0.1700000000000008,3.2,51955.1,28350.052
,2024-05-08,5.5,5.63,5.46,5.57,5.48,0.0899999999999998,1.64,38460.1,21348.734
,2024-05-09,5.57,5.64,5.29,5.47,5.57,-0.1000000000000005,-1.8,89053.01,48076.912
,2024-05-10,5.4,5.49,5.33,5.42,5.47,-0.0499999999999998,-0.91,43042.0,23252.711
,2024-05-13,5.33,5.34,5.15,5.15,5.42,-0.2699999999999996,-4.98,55299.0,28946.494
,2024-05-14,5.16,5.41,5.13,5.41,5.15,0.2599999999999998,5.05,49411.8,26294.685
,2024-05-15,5.52,5.68,5.5,5.68,5.41,0.2699999999999996,4.99,69346.0,38972.251
,2024-05-16,5.61,5.83,5.59,5.65,5.68,-0.0299999999999993,-0.53,73264.1,41653.252
,2024-05-17,5.6,5.92,5.56,5.85,5.65,0.1999999999999993,3.54,72210.0,41503.809
,2024-05-20,5.98,6.11,5.93,6.04,5.85,0.1900000000000004,3.25,80636.83,48603.081
,2024-05-21,5.97,6.21,5.94,6.18,6.04,0.1399999999999996,2.32,66698.05,40767.156
,2024-05-22,6.17,6.42,6.09,6.42,6.18,0.2400000000000002,3.88,97843.4,61161.948
,2024-05-23,6.4,6.4,6.17,6.27,6.42,-0.1500000000000003,-2.34,82358.41,51646.534
,2024-05-24,6.3,6.5,6.28,6.49,6.27,0.2200000000000006,3.51,65023.63,41774.56
,2024-05-27,6.17,6.38,6.17,6.17,6.49,-0.3200000000000003,-4.93,79911.0,49513.58
,2024-05-28,6.18,6.48,6.18,6.44,6.17,0.2700000000000004,4.38,57100.55,36191.92
,2024-05-29,6.41,6.54,6.31,6.48,6.44,0.04,0.62,57595.01,37083.497
,2024-05-30,6.32,6.36,6.16,6.16,6.48,-0.3200000000000003,-4.94,76424.01,47369.757
,2024-05-31,6.2,6.22,5.85,5.85,6.16,-0.3100000000000005,-5.03,76049.31,45469.742
,2024-06-03,5.73,5.79,5.56,5.56,5.85,-0.29,-4.96,21321.0,11962.044
,2024-06-04,5.28,5.45,5.28,5.33,5.56,-0.2299999999999995,-4.14,131412.12,69644.61
,2024-06-05,5.26,5.36,5.06,5.08,5.33,-0.25,-4.69,96440.1,50324.883
,2024-06-06,4.92,5.0,4.83,4.83,5.08,-0.25,-4.92,43905.0,21360.894
,2024-06-07,4.62,4.76,4.59,4.63,4.83,-0.2000000000000001,-4.14,193901.81,89621.422
,2024-06-11,4.65,4.86,4.44,4.86,4.63,0.2300000000000004,4.97,101269.83,47751.543
,2024-06-12,4.86,5.06,4.8,5.0,4.86,0.1399999999999996,2.88,115363.81,57305.975
,2024-06-13,5.0,5.05,4.86,4.93,5.0,-0.0700000000000002,-1.4,65356.36,32239.184
,2024-06-14,4.9,4.99,4.68,4.68,4.93,-0.25,-5.07,79147.0,37940.577
,2024-06-17,4.45,4.57,4.45,4.45,4.68,-0.2299999999999995,-4.91,71070.0,31671.108
,2024-06-18,4.23,4.23,4.23,4.23,4.45,-0.2199999999999997,-4.94,10607.0,4486.761
,2024-06-19,4.13,4.44,4.13,4.37,4.23,0.1399999999999996,3.31,117301.0,49998.204
,2024-06-20,4.28,4.28,4.15,4.15,4.37,-0.2199999999999997,-5.03,49368.0,20602.233
,2024-06-21,4.1,4.12,3.94,3.96,4.15,-0.1900000000000004,-4.58,116746.45,46893.852
,2024-06-24,3.89,3.94,3.76,3.77,3.96,-0.1899999999999999,-4.8,102717.97,39188.898
,2024-06-25,3.77,3.96,3.76,3.96,3.77,0.1899999999999999,5.04,90599.02,34860.926
,2024-06-26,3.89,3.94,3.77,3.91,3.96,-0.0499999999999998,-1.26,70362.0,27095.538
,2024-06-27,3.83,4.05,3.83,4.01,3.91,0.0999999999999996,2.56,65765.76,26102.3
,2024-06-28,3.91,4.07,3.83,3.93,4.01,-0.0799999999999996,-2.0,82378.27,32563.651
,2024-07-01,4.13,4.13,4.13,4.13,3.93,0.1999999999999997,5.09,11915.0,4920.895
,2024-07-02,4.34,4.34,4.26,4.34,4.13,0.2099999999999999,5.08,78274.59,33860.421
,2024-07-03,4.41,4.56,4.38,4.52,4.34,0.1799999999999997,4.15,121088.27,54462.094
,2024-07-04,4.44,4.7,4.43,4.57,4.52,0.0500000000000007,1.11,129432.0,59078.693
,2024-07-08,4.87,4.89,4.27,4.35,4.57,-0.2200000000000006,-4.81,216106.01,99240.954
,2024-07-09,4.33,4.41,4.15,4.28,4.35,-0.0699999999999994,-1.61,141370.01,60379.692
,2024-07-10,4.22,4.23,4.0,4.1,4.28,-0.1800000000000006,-4.21,121701.01,50250.802
,2024-07-11,4.1,4.24,4.1,4.19,4.1,0.0900000000000007,2.2,116326.69,48509.588
,2024-07-12,4.15,4.25,4.11,4.14,4.19,-0.0500000000000007,-1.19,84596.0,35330.483
,2024-07-15,4.13,4.17,3.99,4.0,4.14,-0.1399999999999996,-3.38,69671.0,28170.003
,2024-07-16,4.02,4.04,3.95,4.0,4.0,0.0,0.0,45281.0,18094.721
,2024-07-17,3.99,4.05,3.89,3.93,4.0,-0.0699999999999998,-1.75,56912.0,22498.467
,2024-07-18,3.91,3.96,3.8,3.95,3.93,0.02,0.51,57334.0,22268.86
,2024-07-19,3.93,3.97,3.86,3.92,3.95,-0.0300000000000002,-0.76,53710.0,21004.84
,2024-07-22,3.93,4.02,3.92,4.0,3.92,0.08,2.04,51421.1,20448.948
,2024-07-23,3.99,4.08,3.9,3.91,4.0,-0.0899999999999998,-2.25,66854.0,26722.947
,2024-07-24,3.9,3.91,3.79,3.82,3.91,-0.0900000000000003,-2.3,55182.39,21184.378
,2024-07-25,3.79,3.87,3.76,3.84,3.82,0.02,0.52,43197.0,16516.724
,2024-07-26,3.85,3.91,3.83,3.89,3.84,0.0500000000000002,1.3,39484.1,15272.623
,2024-07-29,3.88,3.93,3.87,3.89,3.89,0.0,0.0,43818.39,17108.196
,2024-07-30,3.89,4.01,3.88,4.01,3.89,0.1199999999999996,3.08,49382.0,19515.569
,2024-07-31,3.99,4.1,3.97,4.09,4.01,0.08,2.0,53231.0,21608.088
,2024-08-01,4.1,4.24,4.09,4.14,4.09,0.0499999999999998,1.22,63316.0,26371.987
,2024-08-02,4.12,4.18,4.07,4.08,4.14,-0.0599999999999996,-1.45,45533.41,18790.721
,2024-08-05,4.08,4.15,4.01,4.01,4.08,-0.0700000000000002,-1.72,60513.39,24738.844
,2024-08-06,4.06,4.11,4.02,4.1,4.01,0.0899999999999998,2.24,49653.0,20181.41
,2024-08-07,4.11,4.18,4.11,4.14,4.1,0.04,0.98,35079.0,14528.914
,2024-08-08,4.15,4.19,4.07,4.18,4.14,0.04,0.97,59753.01,24743.636
,2024-08-09,4.18,4.31,4.15,4.24,4.18,0.0600000000000005,1.44,69434.15,29299.662
,2024-08-12,4.22,4.35,4.14,4.25,4.24,0.0099999999999997,0.24,67457.0,28637.925
,2024-08-13,4.25,4.27,4.17,4.2,4.25,-0.0499999999999998,-1.18,44842.0,18873.245
,2024-08-14,4.23,4.26,4.19,4.2,4.2,0.0,0.0,28209.0,11889.151
,2024-08-15,4.2,4.24,4.15,4.18,4.2,-0.0200000000000004,-0.48,38014.0,15946.791
,2024-08-16,4.16,4.19,4.08,4.1,4.18,-0.08,-1.91,39290.1,16176.58
,2024-08-19,4.09,4.17,4.08,4.13,4.1,0.0300000000000002,0.73,28601.0,11827.698
,2024-08-20,4.15,4.31,4.11,4.12,4.13,-0.0099999999999997,-0.24,60205.0,25276.439
,2024-08-21,4.12,4.16,4.09,4.14,4.12,0.0199999999999995,0.49,30967.0,12772.039
,2024-08-22,4.14,4.15,3.93,3.95,4.14,-0.1899999999999995,-4.59,62998.0,25283.651
,2024-08-23,3.93,4.11,3.93,4.07,3.95,0.1200000000000001,3.04,41851.0,16766.517
,2024-08-26,4.06,4.22,4.05,4.17,4.07,0.0999999999999996,2.46,52696.0,21957.463
,2024-08-27,4.14,4.2,4.03,4.04,4.17,-0.1299999999999999,-3.12,32366.93,13290.883
,2024-08-28,4.05,4.44,4.05,4.44,4.04,0.4000000000000003,9.9,126037.0,54919.916
,2024-08-29,4.88,4.88,4.88,4.88,4.44,0.4399999999999995,9.91,19177.0,9358.376
,2024-08-30,5.37,5.37,5.37,5.37,4.88,0.4900000000000002,10.04,15853.0,8513.061
,2024-09-02,5.37,5.37,4.83,4.86,5.37,-0.5099999999999998,-9.5,347769.5,177665.241
,2024-09-03,4.8,5.35,4.8,5.35,4.86,0.4899999999999993,10.08,274518.03,142969.528
,2024-09-04,5.4,5.81,4.97,5.06,5.35,-0.29,-5.42,391036.81,209536.223
,2024-09-05,5.05,5.45,4.87,5.06,5.06,0.0,0.0,208012.28,105622.593
,2024-09-06,5.06,5.17,4.77,4.9,5.06,-0.1599999999999992,-3.16,190095.11,93354.845
,2024-09-09,4.81,5.39,4.65,5.39,4.9,0.4899999999999993,10.0,237722.17,122820.842
,2024-09-10,5.38,5.57,5.03,5.17,5.39,-0.2199999999999997,-4.08,295527.73,155400.718
,2024-09-11,5.08,5.25,4.94,5.12,5.17,-0.0499999999999998,-0.97,191696.57,97059.175
,2024-09-12,5.39,5.63,5.39,5.63,5.12,0.5099999999999998,9.96,180474.19,100449.857
,2024-09-13,5.75,6.19,5.5,5.71,5.63,0.08,1.42,535846.8,312439.313
,2024-09-18,5.8,6.06,5.31,5.98,5.71,0.2700000000000004,4.73,455867.44,259729.707
,2024-09-19,5.98,6.3,5.7,6.1,5.98,0.1199999999999992,2.01,456132.25,274134.548
,2024-09-20,6.25,6.71,5.93,6.71,6.1,0.6100000000000003,10.0,700035.65,448732.645
,2024-09-23,6.39,6.46,6.04,6.29,6.71,-0.4199999999999999,-6.26,583866.03,359279.147
,2024-09-24,6.18,6.22,5.66,6.11,6.29,-0.1799999999999997,-2.86,573272.01,339175.974
,2024-09-25,6.15,6.15,5.81,5.86,6.11,-0.25,-4.09,408460.39,241836.464
,2024-09-26,5.7,5.83,5.54,5.78,5.86,-0.08,-1.37,370633.0,211547.393
,2024-09-27,5.79,5.92,5.7,5.9,5.78,0.1200000000000001,2.08,231561.01,135244.456
,2024-09-30,6.0,6.46,5.86,6.37,5.9,0.4699999999999997,7.97,597364.9,365589.426
,2024-10-08,6.98,6.98,6.17,6.49,6.37,0.1200000000000001,1.88,532157.25,346754.205
,2024-10-09,6.4,6.42,5.84,5.84,6.49,-0.6500000000000004,-10.02,270048.95,161420.943
,2024-10-10,5.77,6.03,5.58,5.92,5.84,0.08,1.37,204214.36,118533.376
,2024-10-11,5.83,6.09,5.74,5.82,5.92,-0.0999999999999996,-1.69,159264.52,94515.784
,2024-10-14,5.8,6.03,5.66,5.91,5.82,0.0899999999999998,1.55,153185.61,89436.6
,2024-10-15,5.9,6.34,5.81,6.11,5.91,0.2000000000000001,3.38,284647.77,173225.118
,2024-10-16,6.12,6.21,5.89,6.21,6.11,0.0999999999999996,1.64,242563.8,147517.23
,2024-10-17,6.3,6.39,6.11,6.16,6.21,-0.0499999999999998,-0.81,223577.11,138534.158
,2024-10-18,6.1,6.25,6.05,6.18,6.16,0.0199999999999995,0.32,199960.97,123187.786
,2024-10-21,6.25,6.53,6.13,6.41,6.18,0.2300000000000004,3.72,288040.36,182841.336
,2024-10-22,6.4,6.4,6.17,6.3,6.41,-0.1100000000000003,-1.72,194245.0,121720.123
,2024-10-23,6.26,6.81,6.25,6.44,6.3,0.1400000000000005,2.22,346397.37,226285.841
,2024-10-24,6.45,7.08,6.39,7.08,6.44,0.6399999999999997,9.94,297728.98,205523.374
,2024-10-25,7.36,7.79,7.0,7.59,7.08,0.5099999999999998,7.2,744581.83,555223.51
,2024-10-28,6.83,6.83,6.83,6.83,7.59,-0.7599999999999998,-10.01,153050.0,104533.15
,2024-10-29,6.87,7.51,6.87,7.51,6.83,0.6799999999999997,9.96,960675.6,698777.073
,2024-10-30,7.0,7.15,6.76,6.82,7.51,-0.6899999999999995,-9.19,701156.64,481532.169
,2024-10-31,6.45,6.82,6.45,6.63,6.82,-0.1900000000000004,-2.79,478580.79,315772.9
,2024-11-01,6.48,6.48,5.97,5.97,6.63,-0.6600000000000001,-9.95,397301.82,243216.97
,2024-11-04,5.79,6.2,5.68,6.05,5.97,0.08,1.34,231676.07,138255.575
,2024-11-05,6.01,6.11,5.96,6.09,6.05,0.04,0.66,219849.78,132782.934
,2024-11-06,6.09,6.14,5.98,6.04,6.09,-0.0499999999999998,-0.82,221414.82,133657.711
,2024-11-07,6.01,6.29,5.98,6.27,6.04,0.2299999999999995,3.81,280517.1,174373.11
,2024-11-08,6.27,6.29,6.12,6.16,6.27,-0.1099999999999994,-1.75,218981.03,135572.284
,2024-11-11,6.16,6.33,6.12,6.3,6.16,0.1399999999999996,2.27,214677.2,133639.301
,2024-11-12,6.36,6.49,6.24,6.32,6.3,0.0200000000000004,0.32,250565.77,158809.475
,2024-11-13,6.28,6.45,6.22,6.33,6.32,0.0099999999999997,0.16,178044.49,112556.274
,2024-11-14,6.33,6.33,6.1,6.12,6.33,-0.2099999999999999,-3.32,130787.01,81129.009
,2024-11-15,6.08,6.16,5.92,5.96,6.12,-0.1600000000000001,-2.61,120336.0,72835.32
,2024-11-18,6.0,6.04,5.72,5.78,5.96,-0.1799999999999997,-3.02,118651.0,69290.958
,2024-11-19,5.78,5.85,5.71,5.85,5.78,0.0699999999999994,1.21,80084.34,46217.664
,2024-11-20,5.83,6.2,5.82,6.16,5.85,0.3100000000000005,5.3,144252.15,86825.145
,2024-11-21,6.16,6.18,6.02,6.11,6.16,-0.0499999999999998,-0.81,106836.01,65025.283
,2024-11-22,6.14,6.37,6.0,6.02,6.11,-0.0900000000000007,-1.47,224121.1,139764.881
,2024-11-25,6.06,6.13,5.98,6.11,6.02,0.0900000000000007,1.5,99904.14,60482.547
,2024-11-26,6.1,6.25,6.08,6.17,6.11,0.0599999999999996,0.98,107094.0,66168.384
,2024-11-27,6.14,6.24,5.95,6.22,6.17,0.0499999999999998,0.81,112849.34,68686.738
,2024-11-28,6.2,6.32,6.18,6.27,6.22,0.0499999999999998,0.8,121087.0,75815.99
,2024-11-29,6.28,6.66,6.27,6.58,6.27,0.3100000000000005,4.94,282328.21,183144.659
,2024-12-02,6.56,6.59,6.43,6.53,6.58,-0.0499999999999998,-0.76,197778.2,128542.625
,2024-12-03,6.51,6.6,6.39,6.49,6.53,-0.04,-0.61,141588.0,91641.291
,2024-12-04,6.46,6.53,6.39,6.42,6.49,-0.0700000000000002,-1.08,103892.03,67055.587
,2024-12-05,6.38,6.45,6.35,6.44,6.42,0.0200000000000004,0.31,92825.03,59332.172
,2024-12-06,6.33,6.46,6.21,6.39,6.44,-0.0500000000000007,-0.78,151992.79,96393.05
,2024-12-09,6.31,6.31,5.95,6.01,6.39,-0.3799999999999999,-5.95,214652.0,130432.097
,2024-12-10,6.11,6.25,6.04,6.18,6.01,0.1699999999999999,2.83,199435.99,122786.521
,2024-12-11,6.16,6.4,6.12,6.38,6.18,0.2000000000000001,3.24,183588.01,115809.92
,2024-12-12,6.38,6.66,6.36,6.66,6.38,0.2800000000000002,4.39,255404.0,167172.81
,2024-12-13,6.66,6.68,6.3,6.31,6.66,-0.3500000000000005,-5.26,174465.0,112163.777
,2024-12-16,6.33,6.48,6.27,6.48,6.31,0.1700000000000008,2.69,169097.0,108116.315
,2024-12-17,6.47,6.48,5.95,5.97,6.48,-0.5100000000000007,-7.87,195731.0,119600.236
,2024-12-18,6.01,6.02,5.82,5.9,5.97,-0.0699999999999994,-1.17,115617.08,68408.67
,2024-12-19,5.85,5.85,5.7,5.78,5.9,-0.1200000000000001,-2.03,89019.0,51365.34
,2024-12-20,5.76,5.94,5.76,5.93,5.78,0.1499999999999994,2.6,103543.1,60464.4
,2024-12-23,5.5,5.7,5.34,5.34,5.93,-0.5899999999999999,-9.95,186844.0,100883.793
,2024-12-24,5.0,5.13,4.81,4.96,5.34,-0.3799999999999999,-7.12,354261.81,174528.131
,2024-12-25,4.89,4.92,4.6,4.67,4.96,-0.29,-5.85,157962.0,74348.318
,2024-12-26,4.67,4.79,4.67,4.68,4.67,0.0099999999999997,0.21,111793.0,52844.217
,2024-12-27,4.69,4.84,4.66,4.79,4.68,0.1100000000000003,2.35,105851.0,50557.116
,2024-12-30,4.81,4.84,4.6,4.7,4.79,-0.0899999999999998,-1.88,93800.0,43861.829
,2024-12-31,4.72,4.79,4.63,4.64,4.7,-0.0600000000000005,-1.28,85505.0,40224.072
,2025-01-02,4.6,4.84,4.6,4.67,4.64,0.0300000000000002,0.65,104532.01,49493.61
,2025-01-03,4.63,4.68,4.35,4.38,4.67,-0.29,-6.21,122951.0,54892.268
,2025-01-06,4.36,4.39,4.12,4.3,4.38,-0.08,-1.83,83204.0,35496.268
,2025-01-07,4.29,4.47,4.26,4.47,4.3,0.1699999999999999,3.95,82736.0,36141.443
,2025-01-08,4.47,4.51,4.25,4.43,4.47,-0.04,-0.89,86958.1,38155.671
,2025-01-09,4.42,4.5,4.36,4.48,4.43,0.0500000000000007,1.13,66158.0,29528.17
,2025-01-10,4.51,4.59,4.28,4.29,4.48,-0.1900000000000004,-4.24,102293.0,45097.552
,2025-01-13,4.27,4.32,4.12,4.29,4.29,0.0,0.0,75722.0,31985.166
,2025-01-14,4.29,4.52,4.26,4.52,4.29,0.2299999999999995,5.36,92033.0,40881.889
,2025-01-15,4.53,4.59,4.48,4.56,4.52,0.04,0.88,78718.0,35816.848
,2025-01-16,4.56,4.68,4.54,4.6,4.56,0.04,0.88,84559.1,38980.017
,2025-01-17,4.57,4.6,4.5,4.54,4.6,-0.0599999999999996,-1.3,62482.01,28428.343
,2025-01-20,4.7,4.99,4.62,4.99,4.54,0.4500000000000002,9.91,181838.87,87982.978
,2025-01-21,4.94,4.94,4.75,4.87,4.99,-0.1200000000000001,-2.4,226536.87,109490.759
,2025-01-22,4.87,4.88,4.67,4.68,4.87,-0.1900000000000004,-3.9,107393.0,50877.472
,2025-01-23,4.75,4.82,4.61,4.62,4.68,-0.0599999999999996,-1.28,148958.27,70129.816
,2025-01-24,4.61,4.74,4.54,4.74,4.62,0.1200000000000001,2.6,98536.79,45799.732
,2025-01-27,4.77,4.81,4.65,4.66,4.74,-0.08,-1.69,91091.34,43051.868
,2025-02-05,4.69,4.75,4.66,4.7,4.66,0.04,0.86,70873.96,33288.784
,2025-02-06,4.7,4.81,4.6,4.81,4.7,0.1099999999999994,2.34,97061.02,45797.98
,2025-02-07,4.8,4.98,4.79,4.89,4.81,0.08,1.66,89755.94,43900.903
,2025-02-10,4.89,5.06,4.81,5.06,4.89,0.1699999999999999,3.48,97627.0,48621.814
,2025-02-11,5.05,5.09,4.99,5.03,5.06,-0.0299999999999993,-0.59,78034.0,39200.122
,2025-02-12,5.05,5.08,4.95,5.0,5.03,-0.0300000000000002,-0.6,61563.0,30764.659
,2025-02-13,5.01,5.05,4.97,4.97,5.0,-0.0300000000000002,-0.6,57621.0,28872.085
,2025-02-14,4.96,5.01,4.93,4.96,4.97,-0.0099999999999997,-0.2,51390.0,25566.907
,2025-02-17,4.99,5.11,4.94,5.04,4.96,0.08,1.61,63830.2,32099.994
,2025-02-18,5.06,5.06,4.86,4.88,5.04,-0.1600000000000001,-3.17,66226.0,32731.196
,2025-02-19,4.92,4.95,4.86,4.92,4.88,0.04,0.82,57767.62,28334.882
,2025-02-20,4.9,5.04,4.9,4.94,4.92,0.0200000000000004,0.41,59816.0,29735.978
,2025-02-21,4.92,4.95,4.79,4.84,4.94,-0.1000000000000005,-2.02,80579.0,38989.53
,2025-02-24,4.84,5.04,4.83,4.97,4.84,0.1299999999999999,2.69,106132.64,52523.684
,2025-02-25,4.89,5.0,4.85,4.88,4.97,-0.0899999999999998,-1.81,83430.0,41017.863
,2025-02-26,4.89,4.92,4.79,4.84,4.88,-0.04,-0.82,78922.92,38164.545
,2025-02-27,4.81,4.98,4.77,4.93,4.84,0.0899999999999998,1.86,137271.0,66977.683
,2025-02-28,4.9,4.95,4.72,4.73,4.93,-0.1999999999999993,-4.06,107941.0,52338.361
,2025-03-03,4.81,5.2,4.81,4.81,4.73,0.0799999999999991,1.69,204870.0,101682.339
,2025-03-04,4.8,5.09,4.79,4.96,4.81,0.1500000000000003,3.12,228662.02,113600.195
,2025-03-05,5.04,5.06,4.87,4.93,4.96,-0.0300000000000002,-0.6,121911.01,60217.997
,2025-03-06,4.93,4.96,4.88,4.94,4.93,0.0100000000000006,0.2,90701.33,44660.679
,2025-03-07,4.94,4.94,4.83,4.86,4.94,-0.08,-1.62,72100.0,35120.107
,2025-03-10,4.87,4.95,4.85,4.92,4.86,0.0599999999999996,1.23,70261.0,34526.662
,2025-03-11,4.91,4.99,4.86,4.99,4.92,0.0700000000000002,1.42,93772.0,46338.301
,2025-03-12,5.0,5.02,4.95,4.99,4.99,0.0,0.0,64412.0,32067.0
,2025-03-13,4.97,5.04,4.93,5.0,4.99,0.0099999999999997,0.2,93984.01,46826.024
,2025-03-14,5.0,5.18,4.98,5.13,5.0,0.1299999999999999,2.6,123627.0,63026.706
,2025-03-17,5.12,5.22,5.1,5.11,5.13,-0.0199999999999995,-0.39,88058.0,45202.491
,2025-03-18,5.13,5.15,5.04,5.05,5.11,-0.0600000000000005,-1.17,54811.0,27769.31
,2025-03-19,5.05,5.09,4.98,5.02,5.05,-0.0300000000000002,-0.59,59260.0,29727.725
,2025-03-20,5.01,5.06,4.99,5.0,5.02,-0.0199999999999995,-0.4,54627.0,27420.225
,2025-03-21,4.98,5.0,4.92,4.95,5.0,-0.0499999999999998,-1.0,62102.0,30749.299
,2025-03-24,4.92,4.96,4.68,4.76,4.95,-0.1900000000000004,-3.84,114828.0,55102.315
,2025-03-25,4.77,4.77,4.67,4.76,4.76,0.0,0.0,49093.01,23229.078
,2025-03-26,4.72,4.86,4.72,4.83,4.76,0.0700000000000002,1.47,70130.0,33814.317
,2025-03-27,4.81,4.91,4.75,4.82,4.83,-0.0099999999999997,-0.21,66169.1,31816.538
,2025-03-28,4.81,4.82,4.64,4.7,4.82,-0.1200000000000001,-2.49,53992.0,25612.739
,2025-03-31,4.65,4.68,4.56,4.58,4.7,-0.1200000000000001,-2.55,50351.0,23242.401
,2025-04-01,4.62,4.8,4.62,4.75,4.58,0.1699999999999999,3.71,68840.0,32553.814
,2025-04-02,4.75,4.8,4.7,4.75,4.75,0.0,0.0,29996.0,14273.362
,2025-04-03,4.69,4.79,4.69,4.76,4.75,0.0099999999999997,0.21,38186.0,18125.47
,2025-04-07,4.59,4.59,4.28,4.28,4.76,-0.4799999999999995,-10.08,100750.0,43824.089
,2025-04-08,4.25,4.43,4.22,4.36,4.28,0.08,1.87,99967.0,43195.61
,2025-04-09,4.3,4.56,4.15,4.55,4.36,0.1899999999999995,4.36,111881.01,48842.07
,2025-04-10,4.55,4.88,4.52,4.76,4.55,0.2099999999999999,4.62,137848.0,65413.959
,2025-04-11,4.78,4.87,4.72,4.76,4.76,0.0,0.0,64064.0,30660.94
,2025-04-14,4.77,4.85,4.77,4.82,4.76,0.0600000000000005,1.26,44078.0,21230.15
,2025-04-15,4.83,5.23,4.83,5.01,4.82,0.1899999999999995,3.94,187506.98,94722.53
,2025-04-16,4.95,5.07,4.93,5.02,5.01,0.0099999999999997,0.2,108440.0,54156.62
,2025-04-17,5.01,5.13,4.95,5.04,5.02,0.0200000000000004,0.4,102390.0,51732.653
,2025-04-18,5.0,5.11,4.95,5.1,5.04,0.0599999999999996,1.19,98579.0,49522.398
,2025-04-21,5.03,5.05,4.79,4.96,5.1,-0.1399999999999996,-2.75,188031.0,92277.991
,2025-04-22,4.95,5.0,4.86,4.89,4.96,-0.0700000000000002,-1.41,79835.93,39120.436
,2025-04-23,4.88,4.93,4.78,4.8,4.89,-0.0899999999999998,-1.84,79059.0,38175.411
,2025-04-24,4.82,4.82,4.71,4.72,4.8,-0.08,-1.67,56598.0,26913.892
,2025-04-25,4.72,4.79,4.69,4.71,4.72,-0.0099999999999997,-0.21,55827.0,26416.51
,2025-04-28,4.72,4.72,4.53,4.56,4.71,-0.1500000000000003,-3.18,65058.0,29892.34
,2025-04-29,4.61,4.82,4.61,4.78,4.56,0.2200000000000006,4.82,96997.01,45794.27
,2025-04-30,4.78,4.94,4.78,4.9,4.78,0.1200000000000001,2.51,99828.01,48526.773
,2025-05-06,4.93,5.06,4.91,5.04,4.9,0.1399999999999996,2.86,89462.0,44686.503
,2025-05-07,5.07,5.14,5.04,5.1,5.04,0.0599999999999996,1.19,108587.01,55336.455
,2025-05-08,5.1,5.18,5.06,5.14,5.1,0.04,0.78,78133.01,40133.431
,2025-05-09,5.15,5.27,5.09,5.23,5.14,0.0900000000000007,1.75,107629.0,55990.26
,2025-05-12,5.23,5.29,5.14,5.18,5.23,-0.0500000000000007,-0.96,80148.0,41567.788
,2025-05-13,5.23,5.26,5.15,5.18,5.18,0.0,0.0,53480.6,27751.365
,2025-05-14,5.18,5.22,5.09,5.16,5.18,-0.0199999999999995,-0.39,45540.0,23405.349
,2025-05-15,5.15,5.24,5.12,5.23,5.16,0.0700000000000002,1.36,60077.0,31196.529
,2025-05-16,5.23,5.26,5.15,5.18,5.23,-0.0500000000000007,-0.96,53403.0,27764.829
,2025-05-19,5.27,5.48,5.23,5.4,5.18,0.2200000000000006,4.25,116670.0,62724.322
,2025-05-20,5.4,5.63,5.36,5.56,5.4,0.1599999999999992,2.96,128583.0,70846.151
,2025-05-21,5.48,5.69,5.44,5.47,5.56,-0.0899999999999998,-1.62,103974.1,57195.342
,2025-05-22,5.47,5.49,5.31,5.36,5.47,-0.1099999999999994,-2.01,75334.0,40610.466
,2025-05-23,5.32,5.37,5.22,5.24,5.36,-0.1200000000000001,-2.24,74179.0,39185.154
,2025-05-26,5.27,5.46,5.22,5.36,5.24,0.1200000000000001,2.29,71951.0,38675.767
,2025-05-27,5.4,5.54,5.4,5.5,5.36,0.1399999999999996,2.61,92300.0,50534.137
,2025-05-28,5.47,5.58,5.41,5.43,5.5,-0.0700000000000002,-1.27,105439.0,57755.621
,2025-05-29,5.39,5.47,5.33,5.45,5.43,0.0200000000000004,0.37,68252.0,37001.883
,2025-05-30,5.45,6.0,5.34,6.0,5.45,0.5499999999999998,10.09,198820.51,116275.93
,2025-06-03,6.6,6.6,6.01,6.04,6.0,0.04,0.67,624189.21,392682.606
,2025-06-04,5.73,5.95,5.65,5.89,6.04,-0.1500000000000003,-2.48,429543.61,247821.717
,2025-06-05,5.82,5.92,5.61,5.73,5.89,-0.1599999999999992,-2.72,305144.0,174867.949
,2025-06-06,5.75,5.75,5.5,5.65,5.73,-0.08,-1.4,172647.79,97642.366
,2025-06-09,5.65,5.81,5.61,5.79,5.65,0.1399999999999996,2.48,177607.64,101967.841
,2025-06-10,5.79,5.82,5.61,5.66,5.79,-0.1299999999999999,-2.25,135112.0,77068.837
,2025-06-11,5.68,5.77,5.63,5.7,5.66,0.04,0.71,82976.0,47312.949
,2025-06-12,5.66,5.73,5.62,5.69,5.7,-0.0099999999999997,-0.18,68917.0,39070.485
,2025-06-13,5.65,5.68,5.43,5.44,5.69,-0.25,-4.39,120992.01,66697.54
,2025-06-16,5.42,5.64,5.42,5.61,5.44,0.1699999999999999,3.12,87906.0,48902.963
,2025-06-17,5.61,6.17,5.61,6.17,5.61,0.5599999999999996,9.98,235152.54,140953.994
,2025-06-18,6.79,6.79,6.79,6.79,6.17,0.6200000000000001,10.05,85710.94,58197.728
,2025-06-19,6.97,6.97,6.11,6.13,6.79,-0.6600000000000001,-9.72,728968.04,471201.589
,2025-06-20,5.78,6.09,5.6,5.64,6.13,-0.4900000000000002,-7.99,469352.54,270254.693
,2025-06-23,5.5,5.83,5.42,5.77,5.64,0.1299999999999999,2.3,306187.54,174159.675
,2025-06-24,6.0,6.0,5.77,5.81,5.77,0.04,0.69,219064.3,127790.494
,2025-06-25,5.86,6.01,5.8,5.85,5.81,0.04,0.69,207938.01,122319.588
,2025-06-26,5.9,5.94,5.77,5.85,5.85,0.0,0.0,191020.54,111310.994
,2025-06-27,5.9,6.31,5.82,6.25,5.85,0.4000000000000003,6.84,294580.1,179516.293
,2025-06-30,6.25,6.65,6.18,6.61,6.25,0.3600000000000003,5.76,378232.7,246322.671
,2025-07-01,6.58,6.68,6.5,6.56,6.61,-0.0500000000000007,-0.76,214676.01,141231.197
,2025-07-02,6.55,6.95,6.55,6.73,6.56,0.1700000000000008,2.59,254631.0,172587.361
,2025-07-03,6.7,6.82,6.62,6.78,6.73,0.0499999999999998,0.74,181081.94,121647.545
,2025-07-04,6.82,6.82,6.44,6.57,6.78,-0.2099999999999999,-3.1,200319.67,132465.807
,2025-07-07,6.58,6.74,6.49,6.56,6.57,-0.0100000000000006,-0.15,143229.0,94278.839
,2025-07-08,6.6,6.62,6.44,6.54,6.56,-0.0199999999999995,-0.3,109933.0,71678.304
,2025-07-09,6.54,6.62,6.31,6.4,6.54,-0.1399999999999996,-2.14,151592.05,97860.66
,2025-07-10,6.4,6.47,6.31,6.45,6.4,0.0499999999999998,0.78,98288.0,62875.288
,2025-07-11,6.49,6.49,6.32,6.45,6.45,0.0,0.0,93219.0,59631.364
,2025-07-14,6.44,6.52,6.37,6.41,6.45,-0.04,-0.62,73656.0,47422.402
,2025-07-15,6.37,6.4,6.04,6.17,6.41,-0.2400000000000002,-3.74,127578.99,78565.222
,2025-07-16,6.16,6.7,6.11,6.56,6.17,0.3899999999999997,6.32,197690.01,127706.115
,2025-07-17,6.53,6.63,6.45,6.48,6.56,-0.0799999999999991,-1.22,120581.0,78655.499
,2025-07-18,6.45,6.5,6.36,6.38,6.48,-0.1000000000000005,-1.54,76995.0,49263.821
,2025-07-21,6.43,6.51,6.35,6.48,6.38,0.1000000000000005,1.57,67361.0,43358.61
,2025-07-22,6.48,6.57,6.35,6.43,6.48,-0.0500000000000007,-0.77,122677.0,78799.8
,2025-07-23,6.41,6.43,6.35,6.35,6.43,-0.08,-1.24,70367.0,44893.58
,2025-07-24,6.39,6.43,6.31,6.36,6.35,0.0100000000000006,0.16,87310.0,55505.123
,2025-07-25,6.35,6.43,6.3,6.37,6.36,0.0099999999999997,0.16,71481.0,45588.466
,2025-07-28,6.37,6.44,6.34,6.42,6.37,0.0499999999999998,0.78,63895.8,40831.12
,2025-07-29,6.43,6.5,6.36,6.5,6.42,0.08,1.25,95840.0,61558.38
,2025-07-30,6.45,6.58,6.4,6.45,6.5,-0.0499999999999998,-0.77,79496.0,51458.641
,2025-07-31,6.42,6.47,6.38,6.41,6.45,-0.04,-0.62,89078.01,57224.162
,2025-08-01,6.38,6.65,6.38,6.45,6.41,0.04,0.62,83879.86,54482.551
,2025-08-04,6.46,6.55,6.4,6.55,6.45,0.0999999999999996,1.55,79940.85,51878.277
,2025-08-05,6.58,6.66,6.54,6.58,6.55,0.0300000000000002,0.46,85777.01,56520.786
,2025-08-06,6.54,6.64,6.54,6.62,6.58,0.04,0.61,71526.01,47328.127
,2025-08-07,6.6,6.65,6.54,6.6,6.62,-0.0200000000000004,-0.3,75590.0,49848.223
,2025-08-08,6.61,6.69,6.57,6.65,6.6,0.0500000000000007,0.76,71200.0,47182.114
,2025-08-11,6.65,6.77,6.64,6.71,6.65,0.0599999999999996,0.9,91030.0,60978.589
,2025-08-12,6.69,6.73,6.6,6.61,6.71,-0.0999999999999996,-1.49,75972.0,50506.315
,2025-08-13,6.58,6.61,6.5,6.56,6.61,-0.0500000000000007,-0.76,105784.0,69192.972
,2025-08-14,6.6,6.6,6.29,6.29,6.56,-0.2699999999999996,-4.12,120562.0,77244.915
,2025-08-15,6.29,6.38,6.27,6.32,6.29,0.0300000000000002,0.48,89580.0,56781.393
,2025-08-18,6.33,6.39,6.29,6.29,6.32,-0.0300000000000002,-0.47,88850.21,56316.933
,2025-08-19,6.3,6.51,6.27,6.43,6.29,0.1399999999999996,2.23,102597.2,65571.617
,2025-08-20,6.43,6.6,6.35,6.59,6.43,0.1600000000000001,2.49,115652.2,75567.735
,2025-08-21,6.58,6.67,6.47,6.61,6.59,0.0200000000000004,0.3,86913.87,57132.073
,2025-08-22,6.61,6.64,6.37,6.46,6.61,-0.1500000000000003,-2.27,100677.0,65112.339
,2025-08-25,6.5,6.5,6.37,6.41,6.46,-0.0499999999999998,-0.77,83703.01,53736.924
,2025-08-26,6.43,6.49,6.36,6.42,6.41,0.0099999999999997,0.16,71524.0,46104.2
,2025-08-27,6.46,6.48,6.15,6.15,6.42,-0.2699999999999996,-4.21,99574.0,62706.611
,2025-08-28,6.19,6.3,5.89,6.12,6.15,-0.0300000000000002,-0.49,95076.83,57936.066
,2025-08-29,6.09,6.18,6.0,6.04,6.12,-0.08,-1.31,88644.0,53811.622
,2025-09-01,6.1,6.4,6.01,6.28,6.04,0.2400000000000002,3.97,127327.1,79964.211
,2025-09-02,6.26,6.26,6.05,6.19,6.28,-0.0899999999999998,-1.43,98062.0,60243.465
,2025-09-03,6.2,6.27,6.0,6.03,6.19,-0.1600000000000001,-2.58,68500.03,41812.345
,2025-09-04,5.98,6.2,5.98,6.07,6.03,0.04,0.66,93702.75,57296.386
,2025-09-05,6.07,6.14,5.93,6.13,6.07,0.0599999999999996,0.99,69384.0,42099.716
,2025-09-08,6.13,6.28,6.11,6.26,6.13,0.1299999999999999,2.12,78755.0,48877.172
,2025-09-09,6.25,6.27,6.15,6.18,6.26,-0.08,-1.28,61239.02,38020.691
,2025-09-10,6.21,6.3,6.16,6.25,6.18,0.0700000000000002,1.13,65061.18,40562.361
,2025-09-11,6.24,6.27,6.12,6.2,6.25,-0.0499999999999998,-0.8,57764.0,35579.237
,2025-09-12,6.18,6.22,6.1,6.12,6.2,-0.08,-1.29,51979.2,31924.988
,2025-09-15,6.13,6.16,6.0,6.11,6.12,-0.0099999999999997,-0.16,42043.38,25650.472
,2025-09-16,6.14,6.19,6.08,6.19,6.11,0.08,1.31,49353.0,30312.731
,2025-09-17,6.2,6.21,6.1,6.14,6.19,-0.0500000000000007,-0.81,54997.08,33803.679
,2025-09-18,6.13,6.16,5.88,5.96,6.14,-0.1799999999999997,-2.93,74942.0,45111.764
,2025-09-19,5.96,5.96,5.76,5.82,5.96,-0.1399999999999996,-2.35,72058.0,42018.55
,2025-09-22,5.82,5.85,5.69,5.75,5.82,-0.0700000000000002,-1.2,56951.01,32712.727
,2025-09-23,5.75,5.76,5.5,5.7,5.75,-0.0499999999999998,-0.87,74071.01,41607.596
,2025-09-24,5.69,5.84,5.62,5.81,5.7,0.1099999999999994,1.93,59095.01,34134.87
,2025-09-25,5.81,5.99,5.8,5.88,5.81,0.0700000000000002,1.2,82064.0,48453.112
,2025-09-26,5.82,6.01,5.8,5.89,5.88,0.0099999999999997,0.17,82434.0,48934.153
,2025-09-29,5.89,5.94,5.65,5.93,5.89,0.04,0.68,79908.01,46700.739
,2025-09-30,5.95,5.98,5.87,5.9,5.93,-0.0299999999999993,-0.51,44498.0,26250.696
,2025-10-09,5.9,5.91,5.75,5.76,5.9,-0.1400000000000005,-2.37,70175.0,40825.758
,2025-10-10,5.76,5.96,5.74,5.91,5.76,0.1500000000000003,2.6,98244.0,57966.397
,2025-10-13,5.78,5.91,5.55,5.85,5.91,-0.0600000000000005,-1.02,75326.0,43840.985
,2025-10-14,5.88,6.0,5.85,5.97,5.85,0.1200000000000001,2.05,86397.31,51334.762
,2025-10-15,5.96,6.01,5.87,5.92,5.97,-0.0499999999999998,-0.84,67347.0,39994.754
,2025-10-16,5.9,6.0,5.9,5.93,5.92,0.0099999999999997,0.17,62914.0,37427.662
,2025-10-17,5.91,6.0,5.75,5.8,5.93,-0.1299999999999999,-2.19,111174.9,65324.188
,2025-10-20,5.85,5.97,5.81,5.97,5.8,0.1699999999999999,2.93,74349.11,43946.67
,2025-10-21,5.97,6.14,5.92,6.14,5.97,0.1699999999999999,2.85,89454.5,54159.177
,2025-10-22,6.14,6.19,6.13,6.16,6.14,0.0200000000000004,0.33,63625.5,39163.449
,2025-10-23,6.15,6.19,6.07,6.16,6.16,0.0,0.0,57837.51,35379.656
,2025-10-24,6.16,6.21,6.07,6.11,6.16,-0.0499999999999998,-0.81,57374.04,35099.803
,2025-10-27,6.14,6.14,6.01,6.12,6.11,0.0099999999999997,0.16,73879.0,44887.87
,2025-10-28,6.08,6.19,6.05,6.17,6.12,0.0499999999999998,0.82,57834.01,35509.805
,2025-10-29,6.14,6.28,6.04,6.13,6.17,-0.04,-0.65,94952.53,58324.164
,2025-10-30,6.12,6.22,6.08,6.12,6.13,-0.0099999999999997,-0.16,65762.1,40297.811
,2025-10-31,6.11,6.2,6.1,6.16,6.12,0.04,0.65,80371.97,49515.794
,2025-11-03,6.18,6.38,6.18,6.33,6.16,0.1699999999999999,2.76,96655.1,61060.602
,2025-11-04,6.36,6.44,6.2,6.4,6.33,0.0700000000000002,1.11,94081.0,59994.572
,2025-11-05,6.41,6.47,6.35,6.44,6.4,0.04,0.63,78180.0,50240.116
,2025-11-06,6.46,6.5,6.37,6.46,6.44,0.0199999999999995,0.31,51609.03,33174.809
,2025-11-07,6.47,6.55,6.44,6.49,6.46,0.0300000000000002,0.46,48255.0,31329.862
,2025-11-10,6.49,6.58,6.4,6.57,6.49,0.08,1.23,77326.1,50464.056
,2025-11-11,6.58,6.69,6.5,6.63,6.57,0.0599999999999996,0.91,98927.01,65517.684
,2025-11-12,6.62,6.73,6.53,6.57,6.63,-0.0599999999999996,-0.9,100728.0,66547.636
,2025-11-13,6.59,6.66,6.47,6.66,6.57,0.0899999999999998,1.37,92002.1,60673.214
,2025-11-14,6.65,6.73,6.61,6.62,6.66,-0.04,-0.6,67843.0,45334.934
,2025-11-17,6.66,6.71,6.61,6.69,6.62,0.0700000000000002,1.06,67195.01,44750.31
,2025-11-18,6.7,6.71,6.49,6.55,6.69,-0.1400000000000005,-2.09,72122.0,47369.081
,2025-11-19,6.62,6.62,6.33,6.42,6.55,-0.1299999999999999,-1.98,74748.0,48086.716
,2025-11-20,6.45,6.54,6.28,6.37,6.42,-0.0499999999999998,-0.78,72637.38,46440.551
,2025-11-21,6.28,6.45,5.96,6.0,6.37,-0.3700000000000001,-5.81,97967.0,60200.323
,2025-11-24,6.07,6.15,6.02,6.11,6.0,0.1100000000000003,1.83,85827.0,52235.696
,2025-11-25,6.13,6.27,6.08,6.19,6.11,0.08,1.31,78495.0,48696.502
,2025-11-26,6.18,6.3,6.09,6.13,6.19,-0.0600000000000005,-0.97,70672.52,43726.017
,2025-11-27,6.11,6.21,6.08,6.16,6.13,0.0300000000000002,0.49,52838.0,32517.515
,2025-11-28,6.2,6.29,6.05,6.29,6.16,0.1299999999999999,2.11,65205.08,40422.001
,2025-12-01,6.28,6.3,6.09,6.12,6.29,-0.1699999999999999,-2.7,86094.0,53374.431
,2025-12-02,6.08,6.24,6.0,6.15,6.12,0.0300000000000002,0.49,97200.01,59644.439
,2025-12-03,6.14,6.16,6.01,6.04,6.15,-0.1100000000000003,-1.79,65328.4,39517.217
,2025-12-04,6.08,6.08,5.86,5.87,6.04,-0.1699999999999999,-2.81,62045.01,36709.908
,2025-12-05,5.87,6.0,5.8,5.98,5.87,0.1100000000000003,1.87,60758.0,35939.094
,2025-12-08,6.06,6.06,5.95,5.98,5.98,0.0,0.0,53676.0,32235.489
,2025-12-09,5.95,6.0,5.86,5.89,5.98,-0.0900000000000007,-1.51,55989.0,33161.646
,2025-12-10,5.89,6.08,5.8,5.82,5.89,-0.0699999999999994,-1.19,84175.0,49841.443
,2025-12-11,5.82,5.86,5.58,5.6,5.82,-0.2200000000000006,-3.78,106110.0,60128.52
,2025-12-12,5.6,5.67,5.44,5.45,5.6,-0.1499999999999994,-2.68,116193.0,64542.899
,2025-12-15,5.48,5.6,5.41,5.55,5.45,0.0999999999999996,1.83,94382.01,52155.408
,2025-12-16,5.55,5.59,5.39,5.44,5.55,-0.1099999999999994,-1.98,75761.0,41483.044
,2025-12-17,5.44,5.46,5.28,5.4,5.44,-0.04,-0.74,70607.03,37926.109
,2025-12-18,5.39,5.58,5.36,5.52,5.4,0.1199999999999992,2.22,68879.0,37925.036
,2025-12-19,5.52,5.7,5.47,5.68,5.52,0.1600000000000001,2.9,79257.0,44482.387
,2025-12-22,5.67,5.73,5.52,5.52,5.68,-0.1600000000000001,-2.82,76913.0,43161.04
,2025-12-23,5.54,5.54,5.36,5.4,5.52,-0.1199999999999992,-2.17,87764.4,47566.526
,2025-12-24,5.42,5.51,5.35,5.5,5.4,0.0999999999999996,1.85,55312.1,30204.255
,2025-12-25,5.49,5.54,5.44,5.51,5.5,0.0099999999999997,0.18,57578.0,31626.463
,2025-12-26,5.51,5.55,5.42,5.43,5.51,-0.08,-1.45,77642.0,42421.133
,2025-12-29,5.4,5.46,5.37,5.43,5.43,0.0,0.0,58992.0,31930.927
,2025-12-30,5.41,5.43,5.28,5.31,5.43,-0.1200000000000001,-2.21,66347.0,35480.147
,2025-12-31,5.36,5.36,5.2,5.31,5.31,0.0,0.0,79445.81,41833.967
,2026-01-05,5.35,5.46,5.31,5.35,5.31,0.04,0.75,72348.0,38834.809
,2026-01-06,5.38,5.48,5.33,5.42,5.35,0.0700000000000002,1.31,74281.01,40248.313
,2026-01-07,5.44,5.44,5.36,5.4,5.42,-0.0199999999999995,-0.37,82666.11,44611.268
,2026-01-08,5.4,5.6,5.33,5.56,5.4,0.1599999999999992,2.96,84249.0,46341.561
,2026-01-09,5.56,5.6,5.46,5.59,5.56,0.0300000000000002,0.54,71817.0,39839.362
,2026-01-12,5.6,5.64,5.55,5.62,5.59,0.0300000000000002,0.54,69001.02,38646.509
,2026-01-13,5.63,5.69,5.55,5.63,5.62,0.0099999999999997,0.18,73144.0,41115.377
,2026-01-14,5.6,5.7,5.5,5.57,5.63,-0.0599999999999996,-1.07,96529.0,54051.715
,2026-01-15,5.57,5.57,5.49,5.52,5.57,-0.0500000000000007,-0.9,54168.79,29922.785
,2026-01-16,5.55,5.64,5.46,5.52,5.52,0.0,0.0,92501.81,51366.033
,2026-01-19,5.52,5.66,5.5,5.66,5.52,0.1400000000000005,2.54,69566.79,38958.749
,2026-01-20,5.67,5.77,5.63,5.69,5.66,0.0300000000000002,0.53,69974.0,39852.01
,2026-01-21,5.7,5.74,5.63,5.73,5.69,0.04,0.7,65269.79,37166.894
,2026-01-22,5.74,5.86,5.69,5.84,5.73,0.1099999999999994,1.92,99578.0,57637.708
,2026-01-23,5.85,5.86,5.77,5.82,5.84,-0.0199999999999995,-0.34,55850.0,32413.062
,2026-01-26,5.82,5.85,5.74,5.84,5.82,0.0199999999999995,0.34,84781.05,49191.146
,2026-01-27,5.84,5.85,5.58,5.78,5.84,-0.0599999999999996,-1.03,68860.0,39363.113
,2026-01-28,5.78,5.79,5.68,5.71,5.78,-0.0700000000000002,-1.21,48449.22,27711.952
,2026-01-29,5.71,5.94,5.65,5.88,5.71,0.1699999999999999,2.98,186103.61,108387.745
,2026-01-30,5.72,5.76,5.56,5.64,5.88,-0.2400000000000002,-4.08,212585.2,119889.27
,2026-02-02,5.08,5.34,5.08,5.18,5.64,-0.4599999999999999,-8.16,308448.71,160238.809
,2026-02-03,5.22,5.32,5.14,5.24,5.18,0.0600000000000005,1.16,149104.91,77899.407
,2026-02-04,5.24,5.43,5.19,5.39,5.24,0.1499999999999994,2.86,120794.25,64507.894
,2026-02-05,5.36,5.48,5.32,5.36,5.39,-0.0299999999999993,-0.56,81558.0,44058.41
,2026-02-06,5.34,5.41,5.28,5.33,5.36,-0.0300000000000002,-0.56,72958.0,39047.179
,2026-02-09,5.4,5.67,5.38,5.52,5.33,0.1899999999999995,3.56,130711.59,72276.752
,2026-02-10,5.55,5.6,5.46,5.52,5.52,0.0,0.0,104262.01,57742.234
,2026-02-11,5.5,5.54,5.46,5.47,5.52,-0.0499999999999998,-0.91,46715.0,25642.897
,2026-02-12,5.48,5.5,5.3,5.32,5.47,-0.1499999999999994,-2.74,89062.01,47906.758
,2026-02-13,5.3,5.41,5.3,5.34,5.32,0.0199999999999995,0.38,49553.0,26603.177
,2026-02-24,5.4,5.52,5.36,5.49,5.34,0.1500000000000003,2.81,79799.6,43523.691
,2026-02-25,5.5,5.57,5.44,5.46,5.49,-0.0300000000000002,-0.55,66434.0,36453.906
,2026-02-26,5.46,5.49,5.38,5.4,5.46,-0.0599999999999996,-1.1,65356.0,35484.11
,2026-02-27,5.4,5.44,5.36,5.4,5.4,0.0,0.0,41819.0,22599.756
,2026-03-02,5.35,5.39,5.21,5.25,5.4,-0.1500000000000003,-2.78,74278.0,39307.96
,2026-03-03,5.28,5.36,5.14,5.14,5.25,-0.1100000000000003,-2.1,84325.93,44255.148
,2026-03-04,5.1,5.22,5.06,5.11,5.14,-0.0299999999999993,-0.58,58402.0,29930.412
,2026-03-05,5.16,5.22,5.08,5.12,5.11,0.0099999999999997,0.2,59051.0,30374.17
,2026-03-06,5.1,5.28,5.09,5.27,5.12,0.1499999999999994,2.93,58645.1,30573.228
,2026-03-09,5.19,5.31,5.19,5.28,5.27,0.0100000000000006,0.19,60690.99,31817.697
,2026-03-10,5.31,5.45,5.3,5.43,5.28,0.1499999999999994,2.84,66922.01,35987.501
,2026-03-11,5.43,5.52,5.41,5.44,5.43,0.0100000000000006,0.18,58639.04,32031.508
,2026-03-12,5.48,5.48,5.28,5.3,5.44,-0.1400000000000005,-2.57,37670.0,20256.717
,2026-03-13,5.29,5.42,5.27,5.31,5.3,0.0099999999999997,0.19,49076.0,26287.69
,2026-03-16,5.25,5.37,5.23,5.26,5.31,-0.0499999999999998,-0.94,56632.0,29943.866
,2026-03-17,5.27,5.33,5.2,5.2,5.26,-0.0599999999999996,-1.14,45494.0,23891.78
,2026-03-18,5.22,5.53,5.1,5.2,5.2,0.0,0.0,111776.01,58605.504
,2026-03-19,5.14,5.24,4.98,4.98,5.2,-0.2199999999999997,-4.23,104227.77,53050.894
,2026-03-20,5.0,5.02,4.75,4.79,4.98,-0.1900000000000004,-3.82,81680.01,39780.232
,2026-03-23,4.79,4.79,4.42,4.47,4.79,-0.3200000000000003,-6.68,97980.01,44905.029
,2026-03-24,4.61,4.76,4.55,4.76,4.47,0.29,6.49,103850.0,48550.587
,2026-03-25,4.75,4.93,4.7,4.81,4.76,0.0499999999999998,1.05,84734.0,41103.704
,2026-03-26,4.82,4.91,4.7,4.74,4.81,-0.0699999999999994,-1.46,68840.9,32968.355
,2026-03-27,4.7,4.9,4.62,4.9,4.74,0.1600000000000001,3.38,57041.01,27418.861
,2026-03-30,4.82,4.97,4.77,4.95,4.9,0.0499999999999998,1.02,63657.01,31027.435
,2026-03-31,4.95,5.05,4.81,4.89,4.95,-0.0600000000000005,-1.21,59894.0,29645.032
,2026-04-01,4.99,5.04,4.85,4.93,4.89,0.04,0.82,72523.0,35637.864
,2026-04-02,4.88,4.95,4.73,4.79,4.93,-0.1399999999999996,-2.84,61088.0,29518.78
,2026-04-03,4.8,4.81,4.61,4.65,4.79,-0.1399999999999996,-2.92,74081.0,34806.717
,2026-04-07,4.61,4.83,4.6,4.79,4.65,0.1399999999999996,3.01,62146.0,29434.579
,2026-04-08,4.9,4.95,4.81,4.89,4.79,0.0999999999999996,2.09,52988.01,25853.753
,2026-04-09,4.9,4.91,4.72,4.76,4.89,-0.1299999999999999,-2.66,48223.51,23120.697
,2026-04-10,4.82,4.86,4.75,4.79,4.76,0.0300000000000002,0.63,35994.0,17281.226
,2026-04-13,4.76,4.78,4.66,4.74,4.79,-0.0499999999999998,-1.04,73761.0,34717.684
,2026-04-14,4.76,4.9,4.68,4.83,4.74,0.0899999999999998,1.9,81264.01,38539.154
,2026-04-15,4.85,4.88,4.7,4.72,4.83,-0.1100000000000003,-2.28,67843.01,32316.593
,2026-04-16,4.73,4.84,4.68,4.78,4.72,0.0600000000000005,1.27,48269.0,23045.089
,2026-04-17,4.78,4.82,4.66,4.78,4.78,0.0,0.0,90187.0,42681.835
,2026-04-20,4.76,4.86,4.75,4.86,4.78,0.08,1.67,63011.88,30339.978
,2026-04-21,4.86,4.96,4.77,4.95,4.86,0.0899999999999998,1.85,78420.0,38000.459
,2026-04-22,4.87,5.04,4.86,4.9,4.95,-0.0499999999999998,-1.01,63365.0,31360.5
,2026-04-23,4.86,4.96,4.73,4.8,4.9,-0.1000000000000005,-2.04,68295.0,33112.291
,2026-04-27,4.8,5.03,4.7,4.94,4.8,0.1400000000000005,2.92,270811.14,131302.605
,2026-04-28,4.9,5.09,4.89,4.98,4.94,0.04,0.81,161909.15,80482.292
,2026-04-29,4.96,5.18,4.96,5.1,4.98,0.1199999999999992,2.41,126206.9,64089.706
,2026-04-30,5.03,5.11,4.91,4.96,5.1,-0.1399999999999996,-2.75,133385.91,66736.858
,2026-05-06,4.97,4.98,4.79,4.84,4.96,-0.1200000000000001,-2.42,126619.01,61476.086
,2026-05-07,4.84,4.95,4.81,4.89,4.84,0.0499999999999998,1.03,67558.0,33021.061
,2026-05-08,4.86,5.04,4.85,4.99,4.89,0.1000000000000005,2.04,56728.68,28128.353
,2026-05-11,4.99,5.03,4.95,5.01,4.99,0.019999999999999574,0.4,49393.0,24671.021
